0
0
0
0
0
0
0
0
0
0
0
0
0
0
0
0
0
0
0
0
0
0
0
0
0
0
0
0
0
0
0
0
0
0
0
0
0
0
0
0
0
0
0
0
0
0
0
0
0
0
0
0
0
0
0
0
0
0
0
0
0
0
0
0
0
0
0
0
0
0
0
0
0
0
0
0
0
0
0
0
0
0
0
0
0
0
0
0
0
0
0
0
0
0
0
0
0
0
0
0
0
0
0
0
0
0
0
0
0
0
0
0
0
0
0
0
0
0
0
0
0
0
0
0
0
0
0
0
0
0
0
0
0
0
0
0
0
0
0
0
0
0
0
0
0
0
0
0
0
0
0
0
0
0
0
0
0
0
0
0
0
0
0
0
0
0
0
0
0
0
0
0
0
0
0
0
0
0
0
0
0
0
0
2.48649
2.48649
3.35276e-07
0.497297
0.497297
3.35276e-07
3.35276e-07
3.35276e-07
3.35276e-07
3.35276e-07
3.35276e-07
3.35276e-07
3.35276e-07
3.35276e-07
3.35276e-07
3.35276e-07
3.35276e-07
0
0
0
0
0
0
0
0
0
0
0
0
0
0
0
0
0
0
0
0
0
0
0
0
0
0
0
0
0
0
0
0
0
0
0
0
0
0
0
0
0
0
0
0
0
0
0
0
0
0
0
0
0
0
0
0
0
0
0
0
0
0
0
0
0
0
0
0
0
0
0
0
0
0
0
0
0
0
0
0
0
0
0
2.48649
2.48649
0.329359
0.520247
0.420682
3.35276e-07
3.35276e-07
3.35276e-07
3.35276e-07
3.35276e-07
3.35276e-07
3.35276e-07
3.35276e-07
3.35276e-07
3.35276e-07
3.35276e-07
3.35276e-07
0
0
0
0
0
0
0
0
0
0
0
0
0
0
0
0
0
0
0
0
0
0
0
0
0
0
0
0
0
0
0
0
0
0
0
0
6.58718
8.41364
8.41364
6.58718
0
0
0
0
0
0
0
0
0
0
0
0
0
0
0
0
0
0
0
0
0
0
0
0
0
0
0
0
0
0
0
0
0
0
0
0
0
0
0
0
0
0
0
2.48649
2.48649
0.420682
0.520247
0.329359
3.35276e-07
3.35276e-07
3.35276e-07
0.329359
0.302843
0.329359
3.35276e-07
3.35276e-07
0.329359
0.420682
0.420682
0.329359
0
0
0
0
0
0
0
0
0
0
0
0
0
0
0
0
0
0
0
0
0
0
0
0
0
0
0
0
0
0
0
0
0
0
0
6.58718
9.41561
10.4049
10.9353
9.94594
8.41364
8.41364
8.94397
6.05685
8.94397
6.05685
6.58718
6.58718
6.05685
8.73346
8.22964
9.7816
8.41364
6.58718
0
0
0
0
0
0
0
0
0
0
0
0
0
0
0
0
0
0
0
0
0
0
0
0
0
0
0
0
1.31744
2.50526
2.09758
0.497297
0.497297
3.35276e-07
3.35276e-07
3.35276e-07
3.35276e-07
0.302843
0.408909
0.302843
3.35276e-07
3.35276e-07
0.420682
0.546763
0.546763
1.48956
0
0
0
0
0
0
0
0
0
0
0
0
0
0
0
0
0
0
0
0
0
0
0
0
0
0
0
0
0
0
0
0
0
0
0
8.41364
10.4049
6.58719
8.41364
10.4763
10.4049
10.4049
10.4049
10.4763
10.4049
10.4763
10.4049
10.4049
10.4049
10.3196
10.3196
10.0031
10.6362
10.68
10.3052
8.62366
6.91654
0
6.91654
6.3597
6.91654
0
0
0
0
0
0
0
0
0
0
0
0
0
0
0
0
0
0
0
0
0
1.68273
2.44843
1.65194
0.497297
0.497297
3.35276e-07
3.35276e-07
3.35276e-07
3.35276e-07
0.329359
0.302843
0.329359
3.35276e-07
0.329359
0.520247
0.420682
0.497297
1.96204
0
0
0
0
0
0
2.96423
3.57961
3.60612
2.63487
0
0
0
0
0
0
0
0
0
0
0
0
0
0
0
0
0
0
0
0
0
0
0
6.58718
8.20313
10.8499
8.36848
0.302843
8.92223
7.88332
8.94397
6.58719
6.05686
9.94594
10.0046
9.94594
8.41364
8.41364
8.94397
6.05502
6.55883
0.602935
6.84366
8.73702
10.3087
10.7787
10.9252
10.4432
10.9252
10.9252
9.88639
9.39117
8.83433
10.4432
8.83433
6.91654
6.91654
8.83433
10.4432
8.83433
6.91654
0
0
0
0
0
0
0
0
0
0
0
2.19337
2.37514
0.420682
0.420682
0.520247
0.329359
3.35276e-07
3.35276e-07
3.35276e-07
3.35276e-07
3.35276e-07
3.35276e-07
3.35276e-07
0.420682
0.520247
0.329359
1.65194
2.44843
0
0
0
0
0
8.56334
10.7886
10.6481
9.23238
4.67411
0
0
0
0
0
0
0
0
0
0
0
0
0
0
0
0
0
0
0
0
0
0
6.58718
9.41561
10.2587
8.29033
6.47882
0.520247
5.98476
8.03426
6.02473
0.329359
0.329359
6.55883
6.05502
6.58719
1.3411e-06
1.3411e-06
1.3411e-06
1.3411e-06
1.3411e-06
0.420682
0.546763
0.546763
0.546763
6.87796
8.83433
10.4432
8.81233
9.34266
9.84644
10.9252
10.9252
10.4432
10.9252
10.9252
10.9252
10.9252
10.4432
10.9252
10.9252
10.4432
8.83433
6.91654
0
0
0
0
0
0
0
0
2.33364
2.43398
0.329359
0.329359
0.520247
0.420682
3.35276e-07
3.35276e-07
3.35276e-07
3.35276e-07
3.35276e-07
3.35276e-07
3.35276e-07
0.420682
0.546763
0.497297
2.04061
2.37335
0
0
0
0
0
10.9377
13.4384
10.4421
9.83545
5.63141
1.31744
0
0
0
0
0
0
0
0
0
0
0
0
0
0
0
0
0
0
0
0
0
8.41364
10.3461
6.51509
0.497297
0.302843
0.629451
6.29455
5.91278
6.42578
0.520247
0.520247
0.520247
0.520247
0.420682
0.329359
0.329359
0.302843
0.329359
1.3411e-06
0.329359
0.420682
0.420682
0.497297
0.520246
0.447198
0.302842
0.497297
0.500231
6.88384
6.3597
6.91654
1.3411e-06
6.91654
8.83433
8.83433
6.91654
1.3411e-06
6.91654
8.83433
10.4432
11.482
8.83433
0
0
0
0
0
0
0
0
2.33364
2.43398
0.329359
0.329359
0.520247
0.420682
3.35276e-07
3.35276e-07
3.35276e-07
3.35276e-07
3.35276e-07
3.35276e-07
3.35276e-07
0.329359
0.420682
0.497297
2.20948
2.19337
0
0
0
8.56334
10.7265
14.1295
10.9148
6.6581
10.4542
5.9329
1.68273
0
0
0
0
0
0
0
0
0
0
0
0
0
0
0
0
0
0
0
0
0
8.41364
10.2587
6.42578
0.329359
0
0.302842
0.408908
0.302842
0.329359
0.497297
0.470781
0.523814
0.420682
0.520247
0.520247
0.470781
0.473715
0.302843
1.3411e-06
1.3411e-06
1.3411e-06
1.3411e-06
0.329359
0.47078
0.520246
0.520246
0.523813
0.520246
0.546763
0.497297
0.497297
0.420682
0.329359
0.329359
0.302842
0.329359
1.3411e-06
1.3411e-06
1.3411e-06
1.3411e-06
10.4432
10.4432
0
0
0
0
0
0
0
0
2.36016
2.43398
0.302843
0.420682
0.520247
0.329359
3.35276e-07
3.35276e-07
3.35276e-07
3.35276e-07
3.35276e-07
3.35276e-07
3.35276e-07
3.35276e-07
3.35276e-07
1.31744
2.08099
1.68273
0
0
8.56334
12.2403
13.4401
10.9413
8.53336
8.60686
10.4042
4.87011
1.84042
0
0
0
0
0
0
0
0
0
0
0
0
0
0
0
0
0
0
0
0
0
6.58718
10.0204
8.09831
0
0
0.329359
0.302842
0.329359
0
0.302843
0.408909
0.302843
0.329359
0.420682
0.546763
0.520247
0.394166
0.329359
1.3411e-06
1.3411e-06
1.3411e-06
1.3411e-06
1.3411e-06
0.329359
0.302842
0.447198
0.302842
0.447198
0.420682
0.497297
0.497297
0.546763
0.497297
0.47078
0.520246
0.520246
0.497297
0.497297
0.497297
0.420682
10.4033
10.4432
0
0
0
0
0
0
0
0
2.16686
2.37514
0.447199
0.497297
0.497297
3.35276e-07
3.35276e-07
3.35276e-07
3.35276e-07
3.35276e-07
3.35276e-07
3.35276e-07
3.35276e-07
3.35276e-07
3.35276e-07
1.68273
2.08099
1.31744
0
0
10.9377
13.5264
8.55492
0.47078
0.546763
9.72412
10.7009
3.81069
1.70089
0
0
0
0
0
0
0
0
0
0
0
0
0
0
0
0
0
0
0
0
0
0
9.44864
9.44864
0
0
0
0
0
0
0.329359
0.302843
0.447199
0.470781
0.523814
0.520247
0.520247
0.329359
1.3411e-06
1.3411e-06
1.3411e-06
1.3411e-06
1.3411e-06
1.3411e-06
1.3411e-06
1.3411e-06
1.3411e-06
1.3411e-06
1.3411e-06
1.3411e-06
1.3411e-06
1.3411e-06
0.420682
0.523813
0.47078
0.447198
0.420682
0.497297
0.497297
0.497297
0.546763
10.3352
10.4432
0
0
0
0
0
0
0
0
2.19337
2.37514
0.420682
0.497297
0.497297
3.35276e-07
3.35276e-07
3.35276e-07
3.35276e-07
3.35276e-07
3.35276e-07
3.35276e-07
3.35276e-07
3.35276e-07
1.31744
2.08099
1.68273
0
0
0
10.9377
13.4666
8.49542
0.520246
0.497297
10.6378
10.9269
1.82184
1.49189
0
0
0
0
0
0
0
0
0
0
0
0
0
0
0
0
0
0
0
0
0
0
9.44864
9.44864
0
0
0
0
0
0
0
0
0.420682
0.520247
0.497297
0.500232
0.420682
1.3411e-06
1.3411e-06
1.3411e-06
1.3411e-06
1.3411e-06
1.3411e-06
1.3411e-06
1.3411e-06
1.3411e-06
1.3411e-06
1.3411e-06
1.3411e-06
1.3411e-06
1.3411e-06
1.3411e-06
0.329359
0.302842
0.329359
1.3411e-06
1.3411e-06
1.3411e-06
1.3411e-06
1.3411e-06
0.497297
10.2919
10.4432
0
0
0
0
0
0
0
0
2.19337
2.37514
0.420682
0.497297
0.497297
3.35276e-07
3.35276e-07
3.35276e-07
3.35276e-07
3.35276e-07
3.35276e-07
3.35276e-07
3.35276e-07
3.35276e-07
1.68273
2.08099
1.31744
0
0
0
8.56334
12.1016
11.963
8.32139
0
10.4432
10.7358
1.82184
1.49189
0
0
0
0
0
0
0
0
0
0
0
0
0
0
0
0
0
0
0
0
0
0
9.44864
9.44864
0
0
0
0
0
0
0
0
0.420682
0.546763
0.497297
0.420682
0.329359
1.3411e-06
1.3411e-06
1.3411e-06
1.3411e-06
1.3411e-06
1.3411e-06
1.3411e-06
1.3411e-06
1.3411e-06
1.3411e-06
1.3411e-06
1.3411e-06
1.3411e-06
1.3411e-06
1.3411e-06
1.3411e-06
1.3411e-06
1.3411e-06
1.3411e-06
1.3411e-06
1.3411e-06
1.3411e-06
1.3411e-06
0.497297
10.2919
10.4432
0
0
0
0
0
0
0
0
2.33364
2.43398
0.329359
0.497297
0.497297
3.35276e-07
3.35276e-07
3.35276e-07
3.35276e-07
3.35276e-07
3.35276e-07
3.35276e-07
3.35276e-07
1.31744
2.08099
1.68273
0
0
0
0
0
8.23398
13.0062
10.5171
0
10.4432
10.7358
1.82184
1.49189
0
0
0
0
0
0
0
0
0
0.988078
1.26205
1.26205
0.988078
0
0
0
0
0
0
0
0
0
9.64024
9.54397
0.329359
0
0
0
0
0
0
0
0.329359
0.420682
0.546763
0.420682
1.3411e-06
1.3411e-06
1.3411e-06
1.3411e-06
1.3411e-06
1.3411e-06
1.3411e-06
1.3411e-06
1.3411e-06
1.3411e-06
1.3411e-06
1.3411e-06
1.3411e-06
1.3411e-06
1.3411e-06
1.3411e-06
1.3411e-06
1.3411e-06
1.3411e-06
1.3411e-06
1.3411e-06
1.3411e-06
1.3411e-06
1.3411e-06
0.497297
10.2919
10.4432
0
0
0
0
0
0
0
0
2.48649
2.48649
3.35276e-07
0.420682
0.520247
0.329359
3.35276e-07
3.35276e-07
3.35276e-07
3.35276e-07
0.329359
0.302843
0.329359
1.68273
2.08099
1.31744
0
0
0
0
0
0
10.5171
13.0062
8.23398
10.4432
10.7358
1.82184
1.49189
0
0
0
0
0
0
0
0
0
1.26205
1.64029
1.64029
1.26205
0
0
0
0
0
0
0
0
0
9.61372
9.65003
0.302843
0
0
0
0
0
0
0
0
0
0.497297
0.497297
1.3411e-06
1.3411e-06
1.3411e-06
1.3411e-06
1.3411e-06
1.3411e-06
1.3411e-06
1.3411e-06
1.3411e-06
6.58718
6.05685
6.58718
1.3411e-06
1.3411e-06
1.3411e-06
1.3411e-06
1.3411e-06
1.3411e-06
1.3411e-06
1.3411e-06
1.3411e-06
1.3411e-06
1.3411e-06
1.3411e-06
0.420682
10.2204
10.2787
0
0
0
0
0
0
0
0
2.48649
2.48649
3.35276e-07
0.447199
0.520247
0.302843
3.35276e-07
3.35276e-07
3.35276e-07
3.35276e-07
0.302843
0.408909
1.40607
2.08099
1.68273
0
0
0
0
0
0
0
8.23398
13.0062
10.5171
10.4432
10.6378
1.88587
1.70089
0
0
0
0
0
0
0
0
0
1.26205
1.64029
1.64029
1.26205
0
0
0
0
0
0
0
0
6.58718
10.2969
8.21044
0.447199
0
0
0
0.329359
0.420682
0.420682
0.329359
0
0.329359
0.520247
0.420682
1.3411e-06
1.3411e-06
1.3411e-06
1.3411e-06
1.3411e-06
1.3411e-06
1.3411e-06
1.3411e-06
1.3411e-06
6.05685
8.17817
6.05686
1.3411e-06
1.3411e-06
1.3411e-06
1.3411e-06
1.3411e-06
1.3411e-06
1.3411e-06
1.3411e-06
1.3411e-06
1.3411e-06
1.3411e-06
1.3411e-06
0.329359
10.041
10.1374
0
0
0
0
0
0
0
1.6468
2.60123
2.10341
3.35276e-07
0.420682
0.520247
0.329359
3.35276e-07
3.35276e-07
3.35276e-07
3.35276e-07
0.329359
0.302843
1.80738
2.08099
1.31744
0
0
0
0
0
0
0
0
12.4324
12.4324
10.4432
10.5646
1.94137
1.84042
0
0
0
0
0
0
0
0
0
0.988078
1.26205
1.49189
1.26205
0.988078
0
0
0
0
0
0
0
8.41364
10.3461
6.51509
0.420682
0
0
0
0.420682
0.546763
0.546763
0.420682
0
0.420682
0.520247
0.329359
1.3411e-06
1.3411e-06
1.3411e-06
1.3411e-06
1.3411e-06
1.3411e-06
1.3411e-06
1.3411e-06
1.3411e-06
6.58719
6.05686
6.58719
1.3411e-06
1.3411e-06
1.3411e-06
1.3411e-06
1.3411e-06
1.3411e-06
1.3411e-06
1.3411e-06
1.3411e-06
1.3411e-06
1.3411e-06
1.3411e-06
1.3411e-06
9.94594
9.94594
0
0
0
0
0
0
0
2.10341
2.60123
1.6468
3.35276e-07
0.497297
0.497297
3.35276e-07
3.35276e-07
3.35276e-07
3.35276e-07
3.35276e-07
3.35276e-07
1.31744
2.08099
1.68273
0
0
0
0
0
0
0
0
0
12.2674
12.3233
10.3352
10.4002
1.94137
1.84042
0
0
0
0
0
0
0
0
0
0
0
1.26205
1.5007
1.26205
0
0
0
0
0
0
0
9.94594
9.94594
0.497297
0.497297
0
0
0
0.420682
0.520247
0.546763
0.497297
0.329359
0.520247
0.420682
1.3411e-06
1.3411e-06
1.3411e-06
1.3411e-06
1.3411e-06
1.3411e-06
1.3411e-06
1.3411e-06
1.3411e-06
1.3411e-06
1.3411e-06
1.3411e-06
1.3411e-06
1.3411e-06
1.3411e-06
1.3411e-06
1.3411e-06
1.3411e-06
1.3411e-06
1.3411e-06
1.3411e-06
1.3411e-06
1.3411e-06
1.3411e-06
1.3411e-06
0.329359
10.041
10.1374
0
0
0
0
0
0
0
2.48649
2.48649
3.35276e-07
3.35276e-07
0.497297
0.497297
3.35276e-07
3.35276e-07
3.35276e-07
3.35276e-07
3.35276e-07
3.35276e-07
1.68273
2.08099
1.31744
0
0
0
0
0
0
0
0
0
11.8081
11.935
9.95426
10.0177
1.88587
1.70089
0
0
0
0
0
0
0
0
0
0
0.988078
1.56074
1.56074
1.56074
0.988078
0
0
0
0
0
0
8.41364
10.4049
6.54933
0.497297
0.329359
0.302843
0.329359
0.329359
0.520247
0.546763
0.497297
0.420682
0.520247
0.329359
1.3411e-06
1.3411e-06
0.329359
0.302843
0.329359
1.3411e-06
1.3411e-06
1.3411e-06
1.3411e-06
1.3411e-06
1.3411e-06
1.3411e-06
1.3411e-06
1.3411e-06
1.3411e-06
1.3411e-06
1.3411e-06
1.3411e-06
1.3411e-06
1.3411e-06
1.3411e-06
1.3411e-06
1.3411e-06
1.3411e-06
1.3411e-06
0.420682
10.2204
10.2787
0
0
0
0
0
0
0
2.48649
2.48649
3.35276e-07
3.35276e-07
0.497297
0.497297
3.35276e-07
3.35276e-07
3.35276e-07
3.35276e-07
3.35276e-07
1.31744
2.08099
1.68273
0
0
0
0
0
0
0
0
0
0
10.737
11.0405
9.09261
9.05964
1.82184
1.49189
0
0
0
0
0
0
0
0
0
0
0.908528
1.57144
1.64029
1.64029
1.26205
0
0
0
0
0
0
8.94397
10.4049
6.019
0.546763
0.394166
0.473715
0.302843
0
0.497297
0.546763
0.546763
0.520247
0.470781
0.329359
6.58718
8.41364
9.87969
8.34197
6.52281
0.420682
0.329359
1.3411e-06
1.3411e-06
1.3411e-06
1.3411e-06
1.3411e-06
1.3411e-06
1.3411e-06
1.3411e-06
1.3411e-06
1.3411e-06
1.3411e-06
1.3411e-06
1.3411e-06
1.3411e-06
1.3411e-06
1.3411e-06
1.3411e-06
1.3411e-06
0.497297
10.2919
10.4432
0
0
0
0
0
0
1.6468
2.60123
2.10341
3.35276e-07
3.35276e-07
0.497297
0.497297
3.35276e-07
3.35276e-07
3.35276e-07
3.35276e-07
3.35276e-07
1.68273
2.08099
1.31744
0
0
0
0
0
0
0
0
0
0
8.99924
9.6096
7.78012
7.28465
1.88587
1.70089
0
0
0
0
0
0
0
0
0
0
0.988078
1.26205
1.56074
1.57144
1.26205
0
0
0
0
0
0
8.41364
10.3461
6.51509
0.520247
0.523814
0.470781
0.329359
0
0.497297
0.546763
0.420682
0.520247
0.523814
0.420682
6.05685
10.0046
10.9138
9.90644
6.04552
0.500232
0.302843
1.3411e-06
1.3411e-06
1.3411e-06
1.3411e-06
6.58718
6.05685
8.94397
6.05685
6.58718
1.3411e-06
1.3411e-06
1.3411e-06
1.3411e-06
1.3411e-06
1.3411e-06
1.3411e-06
1.3411e-06
1.3411e-06
0.497297
10.2919
10.4432
0
0
0
0
0
0
2.10341
2.60123
1.6468
3.35276e-07
3.35276e-07
0.497297
0.497297
3.35276e-07
3.35276e-07
3.35276e-07
3.35276e-07
1.31744
2.08099
1.68273
0
0
0
0
0
0
0
0
0
0
0
6.92402
7.39784
5.64823
5.18693
1.94137
1.84042
0
0
0
0
0
0
0
0
0
0
0
0
0.988078
0.908528
0.988078
0
0
0
0
0
0
9.7816
9.76848
0.470781
0.497297
0.500232
0.420682
0
0
0.420682
0.520247
0.329359
0.420682
0.500232
0.420682
6.58719
8.41364
9.94594
8.3919
6.55506
0.420682
0.329359
1.3411e-06
1.3411e-06
1.3411e-06
1.3411e-06
6.05685
8.17817
7.88332
8.17817
6.05686
1.3411e-06
1.3411e-06
1.3411e-06
1.3411e-06
1.3411e-06
1.3411e-06
1.3411e-06
1.3411e-06
1.3411e-06
0.497297
10.2919
10.4432
0
0
0
0
0
1.6468
2.60123
2.10341
3.35276e-07
3.35276e-07
3.35276e-07
0.497297
0.497297
3.35276e-07
3.35276e-07
3.35276e-07
3.35276e-07
1.68273
2.08099
1.31744
0
0
0
0
0
0
0
0
0
0
0
4.84503
5.0878
3.27804
2.95368
1.98919
1.98919
0
0
0
0
0
0
0
0
0
0
0
0
0
0
0
0
0
0
0
0
0
9.64024
9.54397
0.329359
0.329359
0.302843
0.329359
6.25783
5.75401
6.34697
0.520247
0.420682
0.329359
0.302843
0.329359
1.3411e-06
1.3411e-06
1.3411e-06
1.3411e-06
1.3411e-06
1.3411e-06
1.3411e-06
1.3411e-06
1.3411e-06
1.3411e-06
1.3411e-06
6.58719
6.05686
8.94397
6.05686
6.58719
1.3411e-06
1.3411e-06
1.3411e-06
1.3411e-06
1.3411e-06
1.3411e-06
1.3411e-06
1.3411e-06
1.3411e-06
0.497297
10.2919
10.4432
0
0
0
0
0
2.10341
2.60123
1.6468
3.35276e-07
3.35276e-07
3.35276e-07
0.497297
0.497297
3.35276e-07
3.35276e-07
3.35276e-07
3.35276e-07
1.98919
1.98919
0
0
0
0
0
0
0
0
0
0
0
0
3.44189
4.11562
3.01906
1.78881
1.98919
1.98919
0
0
0
0
0
0
0
0
0
0
0
0
0
0
0
0
0
0
0
0
0
9.44864
9.44864
0
0
0
0
7.99296
9.5044
7.99296
0.420682
0.546763
0.420682
0.329359
1.3411e-06
0.329359
0.302843
0.329359
1.3411e-06
1.3411e-06
1.3411e-06
1.3411e-06
1.3411e-06
1.3411e-06
1.3411e-06
1.3411e-06
1.3411e-06
1.3411e-06
1.3411e-06
1.3411e-06
1.3411e-06
1.3411e-06
1.3411e-06
1.3411e-06
1.3411e-06
1.3411e-06
1.3411e-06
1.3411e-06
1.3411e-06
1.3411e-06
0.497297
10.2919
10.4432
0
0
0
0
0
2.48649
2.48649
3.35276e-07
3.35276e-07
3.35276e-07
3.35276e-07
0.497297
0.497297
3.35276e-07
3.35276e-07
3.35276e-07
1.31744
2.08099
1.68273
0
0
0
0
0
0
0
0
0
0
0
0
2.30552
3.20774
2.54198
1.0263
1.98919
1.98919
0
0
0
0
0
0
0
0
0
0
0
0
0
0
0
0
0
0
0
0
0
9.44864
9.44864
0
0
0
0
7.99296
9.5044
7.99296
0.329359
0.420682
0.546763
0.420682
1.3411e-06
0.302843
0.408909
0.302843
1.3411e-06
1.3411e-06
1.3411e-06
1.3411e-06
1.3411e-06
1.3411e-06
1.3411e-06
1.3411e-06
1.3411e-06
1.3411e-06
1.3411e-06
1.3411e-06
1.3411e-06
1.3411e-06
1.3411e-06
1.3411e-06
1.3411e-06
1.3411e-06
1.3411e-06
1.3411e-06
1.3411e-06
1.3411e-06
0.497297
10.2919
10.4432
0
0
0
0
0
2.48649
2.48649
3.35276e-07
3.35276e-07
3.35276e-07
3.35276e-07
0.497297
0.497297
3.35276e-07
3.35276e-07
3.35276e-07
1.68273
2.08099
1.31744
0
0
0
0
0
0
0
0
0
0
0
0
0
2.33364
2.28903
0.420682
1.98919
1.98919
0
0
0
0
0
0
0
0
0
0
0
0
0.988078
0.908528
0.988078
0
0
0
0
0
0
9.44864
9.44864
0
0
0
0
6.25783
5.75401
6.25783
0.329359
0.302843
0.546763
0.497297
1.3411e-06
0.329359
0.302843
0.329359
1.3411e-06
1.3411e-06
1.3411e-06
1.3411e-06
1.3411e-06
1.3411e-06
1.3411e-06
1.3411e-06
6.58718
6.05685
6.58718
1.3411e-06
1.3411e-06
1.3411e-06
1.3411e-06
1.3411e-06
1.3411e-06
1.3411e-06
1.3411e-06
1.3411e-06
1.3411e-06
1.3411e-06
0.497297
10.2919
10.4432
0
0
0
0
1.6468
2.60123
2.10341
3.35276e-07
3.35276e-07
3.35276e-07
3.35276e-07
0.497297
0.497297
3.35276e-07
3.35276e-07
1.31744
2.08099
1.68273
0
0
0
0
0
0
0
0
0
0
0
0
0
0
1.92964
2.2095
1.43258
1.98919
1.98919
0
0
0
0
0
0
0.988078
1.26205
1.26205
0.988078
0
0
0.908528
1.22673
0.908528
0
0
0
0
0
0
9.44864
9.44864
0
0
0
0
0
0
0
0.420682
0.500232
0.520247
0.546763
0.420682
0.329359
1.3411e-06
1.3411e-06
1.3411e-06
1.3411e-06
1.3411e-06
1.3411e-06
1.3411e-06
1.3411e-06
1.3411e-06
1.3411e-06
8.41364
10.0046
8.41364
1.3411e-06
1.3411e-06
1.3411e-06
1.3411e-06
1.3411e-06
1.3411e-06
1.3411e-06
1.3411e-06
1.3411e-06
1.3411e-06
1.3411e-06
0.497297
10.2919
10.4432
0
0
0
0
2.10341
2.60123
1.6468
3.35276e-07
3.35276e-07
3.35276e-07
3.35276e-07
0.497297
0.497297
3.35276e-07
3.35276e-07
1.68273
2.08099
1.31744
0
0
0
0
0
0
0
0
0
0
0
0
0
0
1.31744
2.08099
1.68273
1.98919
1.98919
0
0
0
0
0
0
0.908528
1.5007
1.5007
0.908528
0
0
0.988078
0.908528
0.988078
0
0
0
0
0
0
7.99296
9.88469
6.25783
0
0
0
0
0
0
0.420682
0.500232
0.497297
0.420682
0.546763
0.420682
1.3411e-06
1.3411e-06
1.3411e-06
1.3411e-06
1.3411e-06
1.3411e-06
1.3411e-06
1.3411e-06
1.3411e-06
1.3411e-06
8.41364
10.0046
8.41364
1.3411e-06
1.3411e-06
1.3411e-06
1.3411e-06
1.3411e-06
1.3411e-06
1.3411e-06
1.3411e-06
1.3411e-06
1.3411e-06
1.3411e-06
0.497297
10.2919
10.4432
0
0
0
0
2.48649
2.48649
3.35276e-07
3.35276e-07
3.35276e-07
3.35276e-07
3.35276e-07
0.497297
0.497297
3.35276e-07
1.31744
2.08099
1.68273
0
0
0
0
0
0
0
0
0
0
0
0
0
0
0
0
1.68273
2.18705
2.18705
1.68273
0
0
0
0
0
0
0.988078
1.26205
1.26205
0.988078
0
0
0
0
0
0
0
0
0
0
0
8.49678
9.88469
5.75401
0
0
0
0
0
0
0.329359
0.302843
0.329359
0
0.497297
0.497297
1.3411e-06
1.3411e-06
1.3411e-06
1.3411e-06
1.3411e-06
1.3411e-06
1.3411e-06
1.3411e-06
1.3411e-06
1.3411e-06
6.58719
6.05686
6.58719
1.3411e-06
1.3411e-06
1.3411e-06
1.3411e-06
1.3411e-06
1.3411e-06
1.3411e-06
1.3411e-06
1.3411e-06
1.3411e-06
1.3411e-06
0.420682
10.2204
10.2787
0
0
0
0
2.33364
2.43398
0.329359
3.35276e-07
3.35276e-07
3.35276e-07
3.35276e-07
0.497297
0.497297
3.35276e-07
1.68273
2.08099
1.31744
0
0
0
0
0
0
0
0
0
0
0
0
0
0
0
0
1.31744
1.68273
1.68273
1.31744
0
0
0
0
0
0
0
0
0
0.988078
0.908528
0.988078
0
0
0
0
0
0
0
0
0
8.22964
9.99832
6.34697
0
0
0.329359
0.420682
0.497297
0.420682
0.329359
0
0
0.329359
0.520247
0.420682
1.3411e-06
1.3411e-06
1.3411e-06
1.3411e-06
1.3411e-06
1.3411e-06
1.3411e-06
1.3411e-06
1.3411e-06
1.3411e-06
1.3411e-06
1.3411e-06
1.3411e-06
1.3411e-06
1.3411e-06
1.3411e-06
1.3411e-06
1.3411e-06
1.3411e-06
1.3411e-06
1.3411e-06
1.3411e-06
1.3411e-06
1.3411e-06
0.447198
10.1143
10.3052
0
0
0
0
2.19337
2.37514
0.420682
3.35276e-07
3.35276e-07
3.35276e-07
3.35276e-07
0.497297
0.497297
3.35276e-07
1.98919
1.98919
0
0
0
0
0
0
0
0
0
0
0
0
0
0
0
0
0
0
0
0
0
0
0
0
0
0
0
0
0
0
1.26205
1.57144
1.41234
0.988078
0
0
0
0
0
0
0
0
9.61372
9.65003
0.302843
0
0
0.420682
0.546763
0.497297
0.520247
0.520247
0.420682
0.447199
0.470781
0.470781
0.329359
1.3411e-06
1.3411e-06
1.3411e-06
1.3411e-06
1.3411e-06
1.3411e-06
1.3411e-06
1.3411e-06
1.3411e-06
1.3411e-06
1.3411e-06
1.3411e-06
1.3411e-06
1.3411e-06
1.3411e-06
1.3411e-06
1.3411e-06
1.3411e-06
1.3411e-06
1.3411e-06
1.3411e-06
1.3411e-06
1.3411e-06
1.3411e-06
0.420682
10.2204
10.2787
0
0
0
0
1.98919
2.30939
0.497297
3.35276e-07
3.35276e-07
3.35276e-07
3.35276e-07
0.497297
0.497297
1.31744
2.08099
1.68273
0
0
0
0
0
0
0
0
0
0
0
0
0
0
0
0
0
0
0
0
0
0
0
0
0
0
0
0
0
0
1.49189
1.64029
1.41234
1.41234
0.988078
0
0
0
0
0
0
0
9.64024
9.54397
0.329359
0
0
0.420682
0.546763
0.497297
0.546763
0.520247
0.546763
0.520247
0.470781
0.329359
0.329359
6.55883
6.05502
6.58718
1.3411e-06
1.3411e-06
1.3411e-06
1.3411e-06
1.3411e-06
1.3411e-06
1.3411e-06
1.3411e-06
1.3411e-06
1.3411e-06
1.3411e-06
1.3411e-06
1.3411e-06
1.3411e-06
1.3411e-06
1.3411e-06
1.3411e-06
1.3411e-06
1.3411e-06
1.3411e-06
1.3411e-06
0.497297
10.2919
10.4432
0
0
0
0
1.98919
2.30939
0.497297
3.35276e-07
3.35276e-07
3.35276e-07
0.329359
0.520247
1.48956
1.88312
1.88312
1.31744
0
0
0
0
0
0
0
0
0
0
0
0
0
0
0
0
0
0
0
0
0
0
0
0
0
0
0
0
0
0
1.26205
1.56074
1.3416
1.41234
1.41234
0.988078
0
0
0
0
0
0
7.99296
9.88469
6.25783
0
0
0.447199
0.470781
0.546763
0.546763
0.520247
0.470781
0.420682
0.329359
0.329359
0.470781
8.29033
9.87992
9.94594
6.05685
6.58718
1.3411e-06
1.3411e-06
1.3411e-06
1.3411e-06
1.3411e-06
6.58718
8.41364
8.41364
6.58718
1.3411e-06
1.3411e-06
1.3411e-06
1.3411e-06
1.3411e-06
1.3411e-06
1.3411e-06
1.3411e-06
1.3411e-06
1.3411e-06
0.420682
10.2204
10.2787
0
0
0
0
1.98919
2.30939
0.497297
3.35276e-07
3.35276e-07
3.35276e-07
0.302843
0.520247
1.90227
2.08099
1.31744
0
0
0
0
0
0
0
0
0
0
0
0
0
0
0
0
0
0
0
0
0
0
0
0
0
0
0
0
0
0.988078
1.26205
1.64029
1.57144
1.26205
1.26205
1.64029
1.26205
0
0
0
0
0
0
8.73346
9.99832
5.91014
0.302843
0.447199
0.470781
0.520247
0.520247
0.520247
0.49373
0.473716
0.302843
1.3411e-06
6.55883
8.29033
10.1428
10.3155
10.4049
10.0046
8.41364
1.3411e-06
1.3411e-06
1.3411e-06
1.3411e-06
1.3411e-06
6.05685
10.0046
10.0046
6.05686
1.3411e-06
1.3411e-06
1.3411e-06
1.3411e-06
1.3411e-06
1.3411e-06
1.3411e-06
1.3411e-06
1.3411e-06
0.329359
0.497297
10.2123
10.3052
0
0
0
0
1.98919
2.30939
0.497297
3.35276e-07
3.35276e-07
3.35276e-07
0.447199
1.60074
2.2095
1.68273
0
0
0
0
0
0
0
0
0
0
0
0
0
0
0
0
0
0
0
0
0
0
0
0
0
0
0
0
0
0.988078
1.41234
1.56074
1.49189
1.26205
1.26205
1.22673
1.41234
1.56074
0.988078
0
0
0
0
0
8.41364
10.1959
6.48857
0.523814
0.520247
0.470781
0.447199
0.420682
0.420682
0.447199
0.302843
0.329359
1.3411e-06
6.05502
10.3155
10.736
9.37587
9.94594
10.0046
8.41364
1.3411e-06
1.3411e-06
1.3411e-06
1.3411e-06
1.3411e-06
6.58719
8.41364
8.41364
6.58719
1.3411e-06
1.3411e-06
1.3411e-06
1.3411e-06
1.3411e-06
1.3411e-06
1.3411e-06
1.3411e-06
1.3411e-06
0.302842
0.523813
10.2919
10.2787
0
0
0
0
2.19337
2.37514
0.420682
3.35276e-07
3.35276e-07
3.35276e-07
0.420682
2.01409
2.25698
1.31744
0
0
0
0
0
0
0
0
0
0
0
0
0
0
0
0
0
0
0
0
0
0
0
0
0
0
0
0
0
0.908528
1.57144
1.64029
1.49189
1.26205
1.3416
0.908528
1.3416
1.56074
1.26205
0
0
0
0
0
9.7816
9.72344
0.520247
0.55033
0.470781
0.447199
1.3411e-06
1.3411e-06
1.3411e-06
1.3411e-06
0.329359
0.302843
0.329359
6.58719
9.41561
10.4763
8.41364
6.58719
6.05686
6.58719
1.3411e-06
1.3411e-06
1.3411e-06
1.3411e-06
1.3411e-06
1.3411e-06
1.3411e-06
1.3411e-06
1.3411e-06
1.3411e-06
1.3411e-06
1.3411e-06
1.3411e-06
1.3411e-06
1.3411e-06
1.3411e-06
1.3411e-06
1.3411e-06
0.447198
0.520246
10.3768
10.4432
0
0
0
0
2.33364
2.43398
0.329359
3.35276e-07
3.35276e-07
3.35276e-07
0.497297
2.30939
1.98919
0
0
0
0
0
0
0
0
0
0
0
0
0
0
0
0
0
0
0
0
0
0
0
0
0
0
0
0
0
0
0.988078
1.26205
1.49189
1.49189
1.56074
1.56074
1.26205
0.988078
1.49189
1.49189
0
0
0
0
0
9.80812
9.61738
0.523814
0.497297
0.523814
0.302843
1.3411e-06
1.3411e-06
1.3411e-06
1.3411e-06
0.302843
0.408909
0.302843
1.3411e-06
6.58719
6.05686
6.58719
1.3411e-06
1.3411e-06
1.3411e-06
1.3411e-06
1.3411e-06
1.3411e-06
1.3411e-06
1.3411e-06
1.3411e-06
1.3411e-06
1.3411e-06
1.3411e-06
1.3411e-06
1.3411e-06
1.3411e-06
1.3411e-06
1.3411e-06
1.3411e-06
1.3411e-06
1.3411e-06
1.3411e-06
0.420682
6.84366
10.8661
8.83433
0
0
0
0
2.48649
2.48649
3.35276e-07
3.35276e-07
3.35276e-07
3.35276e-07
1.65194
2.44843
1.68273
0
0
0
0
0
0
0
0
0
0
0
0
0
0
0
0
0
0
0
0
0
0
0
0
0
0
0
0
0
0
0.988078
0.908528
0.988078
0.988078
1.49189
1.64029
1.5007
0.908528
1.49189
1.49189
0
0
0
0
6.58718
10.1335
8.23696
0.470781
0.520247
0.470781
0.329359
1.3411e-06
0.329359
0.302843
0.329359
0.329359
0.302843
0.329359
1.3411e-06
1.3411e-06
1.3411e-06
1.3411e-06
1.3411e-06
1.3411e-06
1.3411e-06
1.3411e-06
1.3411e-06
1.3411e-06
1.3411e-06
1.3411e-06
1.3411e-06
1.3411e-06
1.3411e-06
1.3411e-06
1.3411e-06
1.3411e-06
1.3411e-06
1.3411e-06
1.3411e-06
1.3411e-06
1.3411e-06
1.3411e-06
1.3411e-06
0.420682
6.27709
10.7256
9.18051
0
0
0
0
2.48649
2.48649
3.35276e-07
3.35276e-07
3.35276e-07
3.35276e-07
2.09758
2.50526
1.31744
0
0
0
0
0
0
0
0
0
0
0
0
0
0
0
0
0
0
0
0
0
0
0
0
0
0
0
0
0.988078
1.26205
1.56074
1.56074
1.56074
1.56074
1.56074
1.49189
1.26205
0.988078
1.26205
1.56074
0.988078
0
0
0
8.41364
10.3196
6.55506
0.470781
0.420682
0.329359
1.3411e-06
1.3411e-06
0.302843
0.408909
0.302843
1.3411e-06
1.3411e-06
1.3411e-06
1.3411e-06
1.3411e-06
1.3411e-06
1.3411e-06
1.3411e-06
1.3411e-06
1.3411e-06
1.3411e-06
1.3411e-06
1.3411e-06
1.3411e-06
1.3411e-06
1.3411e-06
1.3411e-06
1.3411e-06
6.58718
6.05685
6.58718
1.3411e-06
1.3411e-06
1.3411e-06
1.3411e-06
1.3411e-06
1.3411e-06
1.3411e-06
0.329359
6.71618
10.6362
8.65018
0
0
0
0
2.48649
2.48649
3.35276e-07
3.35276e-07
3.35276e-07
1.6468
2.60123
2.10341
0
0
0
0
0
0
0
0
0
0
0
0
0
0
0
0
0
0
0
0
0
0
0
0
0
0
0
0
0
0.908528
1.5007
1.64029
1.71984
1.64029
1.56074
1.3416
1.67638e-07
1.67638e-07
1.67638e-07
0.988078
1.56074
1.26205
0
0
6.58718
10.4049
8.36848
0.470781
0.497297
0.447199
0.420682
0.420682
6.58535
6.05502
6.55883
0.329359
1.3411e-06
1.3411e-06
1.3411e-06
1.3411e-06
1.3411e-06
1.3411e-06
1.3411e-06
1.3411e-06
1.3411e-06
1.3411e-06
1.3411e-06
1.3411e-06
1.3411e-06
1.3411e-06
1.3411e-06
1.3411e-06
1.3411e-06
1.3411e-06
6.05685
8.17817
6.05686
1.3411e-06
1.3411e-06
0.329359
0.302842
0.329359
0.329359
0.420682
0.497297
6.75439
10.6893
8.62366
0
0
0
1.6468
2.60123
2.10341
3.35276e-07
3.35276e-07
1.6468
2.3539
2.3539
1.6468
0
0
0
0
0
0
0
0
0
0
0
0
0
0
0
0
0
0
0
0
0
0
0
0
0
0
0
0
0
0.988078
1.26205
1.49189
1.49189
1.49189
1.64029
1.26205
1.67638e-07
1.67638e-07
1.67638e-07
1.67638e-07
1.26205
1.56074
0.988078
0
8.41364
10.4049
6.55506
0.546763
0.546763
0.520247
0.546763
0.546763
6.02473
8.17817
6.05686
1.3411e-06
1.3411e-06
1.3411e-06
1.3411e-06
1.3411e-06
1.3411e-06
1.3411e-06
1.3411e-06
1.3411e-06
1.3411e-06
1.3411e-06
1.3411e-06
1.3411e-06
1.3411e-06
1.3411e-06
1.3411e-06
1.3411e-06
1.3411e-06
1.3411e-06
6.58719
6.05686
6.58719
1.3411e-06
1.3411e-06
0.302842
0.408908
0.420682
0.47078
0.520246
0.497297
8.76223
10.7905
6.91654
0
0
1.6468
2.3539
2.3539
1.6468
3.35276e-07
3.35276e-07
2.10341
2.60123
1.6468
0
0
0
0
0
0
0
0
0
0
0
0
0
0
0
0
0
0
0
0
0
0
0
0
0
0
0
0
0
0
0
0
0
0
0
1.26205
1.64029
1.49189
1.26205
0.988078
1.67638e-07
0.988078
1.41234
1.41234
0.988078
9.62468
9.74534
0.853173
0.602935
0.420682
0.500232
0.420682
0.420682
6.50533
6.019
6.54933
0.420682
0.329359
1.3411e-06
1.3411e-06
1.3411e-06
1.3411e-06
1.3411e-06
1.3411e-06
1.3411e-06
1.3411e-06
1.3411e-06
1.3411e-06
1.3411e-06
1.3411e-06
1.3411e-06
1.3411e-06
1.3411e-06
1.3411e-06
1.3411e-06
1.3411e-06
1.3411e-06
1.3411e-06
1.3411e-06
1.3411e-06
0.329359
0.302842
0.497297
0.520246
0.447198
0.302842
8.81233
10.9252
6.91654
0
0
2.10341
2.60123
1.6468
3.35276e-07
3.35276e-07
3.35276e-07
2.48649
2.48649
0
0
0
0
0
0
0
0
0
0
0
0
0
0
0
0
0
0
0
0
0
0
0
0
0
0
0
0
0
0
0
0
0
0
0
0
1.3416
1.56074
1.64029
1.65099
1.26205
1.67638e-07
1.67638e-07
0.988078
1.56074
1.26205
8.05213
9.75041
6.32213
1.60726
1.63675
1.61023
1.63675
1.63675
1.72164
1.82184
1.82184
1.88587
1.94137
1.98919
1.68228
1.33508
0.497297
0.497297
0.497297
0.497297
0.497297
0.497297
0.420682
0.447199
0.302843
0.329359
1.3411e-06
1.3411e-06
1.3411e-06
0.329359
0.302842
0.329359
1.3411e-06
1.3411e-06
1.3411e-06
1.3411e-06
0.329359
0.520246
0.420682
0.420682
0.500231
6.9421
10.6309
8.03039
0
1.6468
2.60123
2.10341
3.35276e-07
3.35276e-07
3.35276e-07
1.6468
2.60123
2.10341
0
0
0
0
0
0
0
0
0
0
0
0
0
0
0
0
0
0
0
0
0
0
0
0
0
0
0
0
0
0
0
0
0
0
0
0
0.908528
1.5007
1.57144
1.48119
1.56074
1.26205
0.988078
1.67638e-07
1.49189
1.49189
5.92847
8.76631
7.33528
1.49608
1.49189
1.49189
1.49189
1.49189
1.49189
1.49189
1.49189
1.70089
1.84042
1.98919
1.98919
1.9353
1.82184
1.82184
1.82184
1.82184
1.82184
1.82184
1.88587
1.88587
1.94137
1.94137
1.98919
1.98919
1.98919
1.78822
1.54695
0.658718
0.497297
0.497297
0.497297
0.497297
0.658718
0.907429
0.880913
0.746066
0.546763
1.23658
10.1569
9.75703
0
2.10341
2.60123
1.6468
3.35276e-07
3.35276e-07
3.35276e-07
2.10341
2.60123
1.6468
0
0
0
0
0
0
0
0
0
0
0
0
0
0
0
0
0
0
0
0
0
0
0
0
0
0
0
0
0
0
0
0
0
0
0
0
0.988078
1.26205
1.56074
1.56074
1.56074
1.64029
1.26205
0.988078
1.56074
1.26205
0
7.81984
7.89162
0.302842
1.3411e-06
1.3411e-06
1.3411e-06
1.3411e-06
1.3411e-06
1.3411e-06
1.3411e-06
1.3411e-06
1.3411e-06
1.3411e-06
0.988078
1.26205
1.49189
1.49189
1.49189
1.49189
1.49189
1.49189
1.70089
1.67437
1.86693
1.84042
1.98919
1.98919
1.98919
2.17713
2.08414
1.98789
1.82184
1.67983
1.70635
1.67983
1.98789
1.9553
1.98182
1.70089
1.82184
1.98035
9.69351
8.97359
0
2.48649
2.48649
3.35276e-07
3.35276e-07
3.35276e-07
1.6468
2.60123
2.10341
0
0
0
0
0
0
0
0
0
0
0
0
0
0
0
0
0
0
0
0
0
0
0
0
0
0
0
0
0
0
0
0
0
0
0
0
0
0
0
1.49189
1.64029
1.64029
1.64029
1.26205
0.908528
1.56074
1.3416
0
7.62549
7.78139
0.497297
0.329359
1.3411e-06
1.3411e-06
1.3411e-06
1.3411e-06
1.3411e-06
1.3411e-06
1.3411e-06
1.3411e-06
1.3411e-06
1.3411e-06
1.3411e-06
1.3411e-06
1.3411e-06
1.3411e-06
1.3411e-06
1.3411e-06
1.3411e-06
1.3411e-06
1.3411e-06
1.3411e-06
1.3411e-06
1.3411e-06
5.26975
4.84548
5.59125
1.26205
1.49189
1.49189
1.45198
1.3758
1.40231
1.4785
1.45198
1.51972
1.49608
1.70089
6.37591
9.73907
7.88159
0
2.48649
2.48649
3.35276e-07
3.35276e-07
1.6468
2.3539
2.3539
1.6468
0
0
0
0
0
0
0
0
0
0
0
0
0
0
0
0
0
0
0
0
0
0
0
0
0
0
0
0
0
0
0
0
0
0
0
0
0
0
0
1.26205
1.65099
1.56074
1.49189
0.988078
0.988078
1.56074
1.26205
0
7.652
7.65661
0.520246
0.47078
0.329359
1.3411e-06
1.3411e-06
1.3411e-06
1.3411e-06
1.3411e-06
1.3411e-06
1.3411e-06
1.3411e-06
1.3411e-06
1.3411e-06
1.3411e-06
1.3411e-06
1.3411e-06
1.3411e-06
1.3411e-06
1.3411e-06
1.3411e-06
1.3411e-06
1.3411e-06
1.3411e-06
1.3411e-06
4.84548
6.54254
4.84548
1.3411e-06
1.3411e-06
1.3411e-06
0.329359
0.470781
0.523814
0.497297
0.420682
0.546763
0.420682
1.3411e-06
7.1516
8.84419
5.59911
0
2.48649
2.48649
3.35276e-07
3.35276e-07
2.10341
2.60123
1.6468
0
0
0
0
0
0
0
0
0
0
0
0
0
0
0
0
0
0
0
0
0
0
0
0
0
0
0
0
0
0
0
0
0
0
0
0
0
0
0.988078
1.26205
1.49189
1.64029
1.57144
0.908528
1.67638e-07
1.67638e-07
1.49189
1.49189
0
7.652
7.55599
0.523813
0.520246
0.302842
1.3411e-06
1.3411e-06
1.3411e-06
1.3411e-06
1.3411e-06
1.3411e-06
1.3411e-06
1.3411e-06
1.3411e-06
1.3411e-06
1.3411e-06
1.3411e-06
1.3411e-06
1.3411e-06
1.3411e-06
1.3411e-06
1.3411e-06
1.3411e-06
1.3411e-06
1.3411e-06
1.3411e-06
5.26975
4.84548
5.26975
1.3411e-06
1.3411e-06
1.3411e-06
1.3411e-06
0.420682
0.500232
0.470781
0.408909
0.470781
0.546763
0.420682
8.4151
8.45405
0
0
2.48649
2.48649
3.35276e-07
3.35276e-07
2.48649
2.48649
0
0
0
0
0
0
0
0
0
0
0
0
0
0
0
0
0
0
0
0
0
0
0
0
0
0
0
0
0
0
0
0
0
0
0
0
0
0
0
0.908528
1.5007
1.5007
1.1825
1.57144
1.49189
0.988078
0.988078
1.56074
1.26205
0
7.79333
7.73616
0.520246
0.520246
0.329359
1.3411e-06
1.3411e-06
1.3411e-06
1.3411e-06
1.3411e-06
1.3411e-06
1.3411e-06
1.3411e-06
1.3411e-06
1.3411e-06
1.3411e-06
1.3411e-06
1.3411e-06
1.3411e-06
1.3411e-06
1.3411e-06
1.3411e-06
1.3411e-06
1.3411e-06
1.3411e-06
1.3411e-06
1.3411e-06
1.3411e-06
1.3411e-06
1.3411e-06
1.3411e-06
1.3411e-06
1.3411e-06
0.329359
0.302843
0.523814
0.470781
0.57328
0.546763
0.500232
8.38859
8.45405
0
0
2.48649
2.48649
3.35276e-07
3.35276e-07
2.48649
2.48649
0
0
0
0
0
0
0
0
0
0
0
0
0
0
0
0
0
0
0
0
0
0
0
0
0
0
0
0
0
0
0
0
0
0
0
0
0
0
0
0.988078
1.26205
1.26205
1.3416
1.26205
1.56074
1.41234
1.49189
1.56074
0.988078
5.26975
8.32395
6.63682
0.546763
0.546763
0.420682
0.329359
1.3411e-06
1.3411e-06
1.3411e-06
1.3411e-06
1.3411e-06
1.3411e-06
1.3411e-06
1.3411e-06
1.3411e-06
1.3411e-06
1.3411e-06
1.3411e-06
1.3411e-06
1.3411e-06
1.3411e-06
1.3411e-06
1.3411e-06
1.3411e-06
1.3411e-06
1.3411e-06
1.3411e-06
1.3411e-06
1.3411e-06
1.3411e-06
1.3411e-06
1.3411e-06
1.3411e-06
1.3411e-06
1.3411e-06
0.420682
0.546763
0.497297
0.497297
0.420682
8.4151
8.45405
0
0
2.48649
2.48649
3.35276e-07
1.6468
2.60123
2.10341
0
0
0
0
0
0
0
0
0
0
0
0
0
0
0
0
0
0
0
0
0
0
0
0
0
0
0
0
0
0
0
0
0
0
0
0
0
0
0
0
0
0
0
0
0.988078
1.41234
1.57144
1.26205
0
6.52119
8.17931
5.19188
0.497297
0.420682
0.520246
0.520246
0.420682
0.329359
1.3411e-06
1.3411e-06
1.3411e-06
1.3411e-06
1.3411e-06
1.3411e-06
1.3411e-06
1.3411e-06
1.3411e-06
1.3411e-06
1.3411e-06
1.3411e-06
1.3411e-06
1.3411e-06
1.3411e-06
1.3411e-06
1.3411e-06
1.3411e-06
1.3411e-06
1.3411e-06
1.3411e-06
1.3411e-06
1.3411e-06
1.3411e-06
0.329359
0.302843
0.447199
0.520247
0.420682
1.3411e-06
1.3411e-06
1.3411e-06
8.45405
8.45405
0
0
2.48649
2.48649
1.6468
2.3539
2.3539
1.6468
0
0
0
0
0
0
0
0
0
0
0
0
0
0
0
0
0
0
0
0
0
0
0
0
0
0
0
0
0
0
0
0
0
0
0
0
0
0
0
0
0
0
0
0
0.988078
1.49189
1.56074
1.49189
0.988078
7.652
7.65661
0.420682
0.329359
1.3411e-06
0.329359
0.420682
0.520246
0.520246
0.497297
0.420682
0.329359
1.3411e-06
1.3411e-06
1.3411e-06
1.3411e-06
1.3411e-06
1.3411e-06
1.3411e-06
1.3411e-06
1.3411e-06
1.3411e-06
1.3411e-06
1.3411e-06
1.3411e-06
1.3411e-06
1.3411e-06
0.329359
0.302843
0.329359
1.3411e-06
1.3411e-06
1.3411e-06
0.420682
0.500232
0.520247
0.546763
0.420682
0.329359
1.3411e-06
1.3411e-06
8.45405
8.45405
0
0
2.48649
2.48649
2.10341
2.60123
1.6468
0
0
0
0
0
0
0
0
0
0
0
0
0
0
0
0
0
0
0
0
0
0
0
0
0
0
0
0
0
0
0
0
0
0
0
0
0
0
0
0
0
0
0
0.988078
0.908528
1.49189
1.64029
1.49189
1.64029
1.26205
6.31023
7.64206
5.02756
1.98919
1.98919
1.98919
1.98919
1.97947
1.92458
1.82184
1.88587
1.94137
1.98919
1.98919
1.98919
1.84042
1.51642
1.0263
0.497297
0.420682
0.329359
1.3411e-06
1.3411e-06
1.3411e-06
1.3411e-06
1.3411e-06
1.3411e-06
0.420682
0.500232
0.420682
1.3411e-06
1.3411e-06
1.3411e-06
0.420682
0.500232
0.520247
0.523814
0.520247
0.470781
0.329359
1.3411e-06
7.13077
8.73689
5.26975
0
2.48649
2.73382
2.60123
2.10341
0
0
0
0
0
0
0
0
0
0
0
0
0
0
0
0
0
0
0
0
0
0
0
0
0
0
0
0
0
0
0
0
0
0
0
0
0
0
0
0
0
0
0
0.988078
1.41234
1.56074
1.57144
1.26205
1.67638e-07
1.49189
1.49189
4.94039
6.92576
5.8138
1.98919
1.96789
1.91239
1.87487
1.84835
1.79532
1.72164
1.84184
1.84042
1.98919
1.98919
1.98919
1.94137
1.92308
1.84777
1.82184
1.88587
1.94137
1.98919
1.98919
1.98919
1.98919
1.98919
1.98919
2.20948
2.28903
2.20948
1.98919
1.98919
1.98919
2.1275
2.10099
2.23599
1.95295
1.9511
1.79532
1.94137
1.98919
7.38915
8.40656
4.84548
0
2.33364
2.63784
2.47874
1.6468
0
0
0
0
0
0
0
0
0
0
0
0
0
0
0
0
0
0
0
0
0
0
0
0
0
0
0
0
0
0
0
0
0
0
0
0
0
0
0
0
0
0
0
1.26205
1.56074
1.3416
0.908528
0.988078
1.67638e-07
1.49189
1.49189
0
5.47027
5.47027
6.70552e-07
0.302843
0.500232
0.546763
0.546763
0.520247
0.546763
0.420682
6.70552e-07
6.70552e-07
6.70552e-07
6.70552e-07
0.329359
0.999782
1.2706
1.49189
1.70089
1.84042
1.98919
1.98919
1.98919
1.98919
1.98919
1.98919
2.19337
2.16686
2.19337
1.98919
1.98919
1.98919
1.98919
1.98919
1.98919
1.94137
1.88587
1.92458
1.97947
1.98919
6.5148
7.81831
5.26975
0
2.19337
2.37899
2.19337
0
0
0
0
0
0
0
0
0
0
0
0
0
0
0
0
0
0
0
0
0
0
0
0
0
0
0
0
0
0
0
0
0
0
0
0
0
0
0
0
0
0
0
0
1.49189
1.49189
1.67638e-07
1.67638e-07
1.67638e-07
1.67638e-07
1.26205
1.56074
0.988078
5.47027
5.47027
6.70552e-07
0.329359
0.420682
0.520247
0.520247
0.520247
0.546763
0.420682
6.70552e-07
6.70552e-07
6.70552e-07
6.70552e-07
6.70552e-07
6.70552e-07
6.70552e-07
6.70552e-07
6.70552e-07
6.70552e-07
6.70552e-07
6.70552e-07
6.70552e-07
6.70552e-07
6.70552e-07
6.70552e-07
6.70552e-07
6.70552e-07
6.70552e-07
6.70552e-07
6.70552e-07
6.70552e-07
6.70552e-07
0.329359
0.420682
0.497297
0.497297
0.546763
0.420682
0
6.46486
6.46486
0
0
1.68273
2.00093
1.68273
0
0
0
0
0
0
0
0
0
0
0
0
0
0
0
0
0
0
0
0
0
0
0
0
0
0
0
0
0
0
0
0
0
0
0
0
0
0
0
0
0
0
0
0
1.26205
1.56074
1.3416
0.908528
0.988078
1.67638e-07
0.988078
1.5572
1.59482
5.42828
5.47027
6.70552e-07
6.70552e-07
6.70552e-07
0.447199
0.49373
0.47078
0.420682
0.329359
6.70552e-07
6.70552e-07
6.70552e-07
6.70552e-07
6.70552e-07
6.70552e-07
6.70552e-07
6.70552e-07
6.70552e-07
6.70552e-07
6.70552e-07
6.70552e-07
6.70552e-07
6.70552e-07
6.70552e-07
6.70552e-07
6.70552e-07
6.70552e-07
6.70552e-07
6.70552e-07
6.70552e-07
6.70552e-07
6.70552e-07
0.302843
0.523813
0.55033
0.420682
0.497297
0.497297
0
6.46486
6.46486
0
0
1.31744
1.21137
1.31744
0
0
0
0
0
0
0
0
0
0
0
0
0
0
0
0
0
0
0
0
0
0
0
0
0
0
0
0
0
0
0
0
0
0
0
0
0
0
0
0
0
0
0
0
0.988078
1.56074
1.41234
1.22673
0.908528
1.67638e-07
1.67638e-07
1.17602
3.45608
5.31397
4.6275
6.70552e-07
6.70552e-07
6.70552e-07
0.420682
0.520247
0.329359
6.70552e-07
6.70552e-07
6.70552e-07
6.70552e-07
6.70552e-07
6.70552e-07
6.70552e-07
6.70552e-07
6.70552e-07
6.70552e-07
6.70552e-07
6.70552e-07
6.70552e-07
6.70552e-07
6.70552e-07
6.70552e-07
6.70552e-07
6.70552e-07
6.70552e-07
6.70552e-07
6.70552e-07
6.70552e-07
6.70552e-07
6.70552e-07
6.70552e-07
0.329359
0.520246
0.546763
0.497297
0.420682
0.520246
0.329359
6.46486
6.46486
0
0
0
0
0
0
0
0
0
0
0
0
0
0
0
0
0
0
0
0
0
0
0
0
0
0
0
0
0
0
0
0
0
0
0
0
0
0
0
0
0
0
0
0
0
0
0
0
0
0
1.49189
1.64029
0.908528
0.988078
1.67638e-07
1.67638e-07
0.420682
3.76784
4.43612
3.62295
6.70552e-07
6.70552e-07
6.70552e-07
0.497297
0.497297
6.70552e-07
6.70552e-07
6.70552e-07
6.70552e-07
6.70552e-07
6.70552e-07
6.70552e-07
6.70552e-07
6.70552e-07
6.70552e-07
6.70552e-07
6.70552e-07
6.70552e-07
6.70552e-07
6.70552e-07
6.70552e-07
6.70552e-07
6.70552e-07
6.70552e-07
6.70552e-07
6.70552e-07
6.70552e-07
6.70552e-07
6.70552e-07
6.70552e-07
6.70552e-07
6.70552e-07
0.420682
0.500232
0.420682
0.329359
0.520246
0.420682
6.46486
6.46486
0
0
0
0
0
0
0
0
0
0
0
0
0
0
0
0
0
0
0
0
0
0
0
0
0
0
0
0
0
0
0
0
0
0
0
0
0
0
0
0
0
0
0
0
0
0
0
0
0
0
1.26205
1.56074
0.988078
1.67638e-07
1.67638e-07
1.67638e-07
0.329359
3.74587
4.52415
3.62295
6.70552e-07
6.70552e-07
6.70552e-07
0.497297
0.497297
6.70552e-07
6.70552e-07
6.70552e-07
6.70552e-07
6.70552e-07
6.70552e-07
6.70552e-07
6.70552e-07
6.70552e-07
6.70552e-07
6.70552e-07
6.70552e-07
6.70552e-07
6.70552e-07
6.70552e-07
6.70552e-07
6.70552e-07
6.70552e-07
6.70552e-07
6.70552e-07
6.70552e-07
6.70552e-07
6.70552e-07
6.70552e-07
6.70552e-07
6.70552e-07
6.70552e-07
0.329359
0.420682
0.420682
0.329359
0.420682
0.520246
6.42755
6.46486
0
0
0
0
0
0
0
0
0
0
0
0
0
0
0
0
0
0
0
0
0
0
0
0
0
0
0
0
0
0
0
0
0
0
0
0
0
0
0
0
0
0
0
0
0
0
0
0
0
0
0.988078
1.56074
1.26205
1.67638e-07
1.67638e-07
1.67638e-07
1.67638e-07
3.70644
4.87398
3.33521
6.70552e-07
6.70552e-07
6.70552e-07
0.497297
0.497297
6.70552e-07
6.70552e-07
6.70552e-07
6.70552e-07
6.70552e-07
6.70552e-07
6.70552e-07
6.70552e-07
6.70552e-07
6.70552e-07
6.70552e-07
6.70552e-07
6.70552e-07
6.70552e-07
6.70552e-07
6.70552e-07
6.70552e-07
6.70552e-07
6.70552e-07
6.70552e-07
6.70552e-07
6.70552e-07
6.70552e-07
6.70552e-07
6.70552e-07
6.70552e-07
6.70552e-07
6.70552e-07
0.302843
0.408909
0.302843
0.447199
0.520246
6.40103
6.46486
0
0
0
0
0
0
0
0
0
0
0
0
0
0
0
0
0
0
0
0
0
0
0
0
0
0
0
0
0
0
0
0
0
0
0
0
0
0
0
0
0
0
0
0
0
0
0
0
0
0
0
1.49189
1.49189
1.67638e-07
1.67638e-07
1.67638e-07
1.67638e-07
3.36689
4.3594
3.56471
0.497297
0.497297
0.420682
0.602935
0.546763
0.497297
0.420682
0.329359
6.70552e-07
6.70552e-07
6.70552e-07
6.70552e-07
6.70552e-07
6.70552e-07
6.70552e-07
6.70552e-07
6.70552e-07
6.70552e-07
6.70552e-07
6.70552e-07
6.70552e-07
6.70552e-07
6.70552e-07
6.70552e-07
6.70552e-07
6.70552e-07
6.70552e-07
6.70552e-07
6.70552e-07
6.70552e-07
6.70552e-07
6.70552e-07
6.70552e-07
0.329359
0.302843
0.329359
0.420682
0.520246
6.42755
6.46486
0
0
0
0
0
0
0
0
0
0
0
0
0
0
0
0
0
0
0
0
0
0
0
0
0
0
0
0
0
0
0
0
0
0
0
0
0
0
0
0
0
0
0
0
0
0
0
0
0
0
0
1.26205
1.56074
0.988078
1.67638e-07
1.67638e-07
1.67638e-07
3.08121
3.49737
1.72164
1.82184
1.82184
1.88587
2.08793
2.20948
2.30939
2.22544
2.30939
2.16686
2.19337
1.98919
1.98919
1.98919
1.98919
1.98919
1.68228
1.33508
0.497297
0.497297
0.497297
0.497297
0.497297
0.497297
0.497297
0.420682
0.329359
6.70552e-07
6.70552e-07
0.329359
0.302843
0.329359
6.70552e-07
6.70552e-07
6.70552e-07
6.70552e-07
6.70552e-07
0.497297
0.497297
6.46486
6.46486
0
0
0
0
0
0
0
0
0
0
0
0
0
0
0
0
0
0
0
0
0
0
0
0
0
0
0
0
0
0
0
0
0
0
0
0
0
0
0
0
0
0
0
0
0
0
0
0
0
0
0
0.988078
1.56074
1.26205
1.67638e-07
1.67638e-07
1.67638e-07
2.91873
3.5182
3.16005
1.4785
1.49189
1.70089
1.84042
1.98919
1.96789
2.0504
2.0349
2.20705
2.10099
1.98919
1.98919
1.98919
1.98919
1.98919
1.98919
1.9353
1.82184
1.82184
1.82184
1.82184
1.82184
1.82184
1.82184
1.88587
1.94137
1.98919
1.98919
1.94137
1.94137
1.94137
1.98919
1.98919
1.98919
1.98919
1.98919
2.06142
2.11445
6.19553
5.88915
0
0
0
0
0
0
0
0
0
0
0
0
0
0
0
0
0
0
0
0
0
0
0
0
0
0
0
0
0
0
0
0
0
0
0
0
0
0
0
0
0
0
0
0
0
0
0
0
0
0
0
0
1.26205
1.56074
0.988078
1.67638e-07
1.67638e-07
2.06343
3.46639
3.20123
0.420682
0
0
0
0.329359
0.394166
0.49373
0.523813
0.302843
0.329359
6.70552e-07
6.70552e-07
6.70552e-07
6.70552e-07
6.70552e-07
0.988078
1.26205
1.49189
1.49189
1.49189
1.49189
1.49189
1.49189
1.49189
1.70089
1.84042
1.98919
1.98919
1.84042
1.86693
1.84042
1.98919
1.98919
1.98919
1.98919
1.98919
2.1442
2.22544
5.39978
5.20547
0
0
0
0
0
0
0
0
0
0
0
0
0
0
0
0
0
0
0
0
0
0
0
0
0
0
0
0
0
0
0
0
0
0
0
0
0
0
0
0
0
0
0
0
0
0
0
0
0
0
0
0
0.988078
1.41234
1.41234
0.988078
1.67638e-07
2.06343
3.46639
3.20123
0.420682
0
0
0.329359
0.47078
0.49373
0.473715
0.302843
6.70552e-07
6.70552e-07
6.70552e-07
6.70552e-07
6.70552e-07
6.70552e-07
6.70552e-07
6.70552e-07
6.70552e-07
6.70552e-07
6.70552e-07
6.70552e-07
6.70552e-07
6.70552e-07
6.70552e-07
6.70552e-07
6.70552e-07
6.70552e-07
6.70552e-07
6.70552e-07
6.70552e-07
6.70552e-07
6.70552e-07
6.70552e-07
6.70552e-07
6.70552e-07
6.70552e-07
6.70552e-07
0.329359
2.78085
4.40172
3.60612
0
0
0
0
0
0
0
0
0
0
0
0
0
0
0
0
0
0
0
0
0
0
0
0
0
0
0
0
0
0
0
0
0
0
0
0
0
0
0
0
0
0
0
0
0
0
0
0
0
0
0
0
0
0.988078
1.56074
1.26205
0.988078
2.43749
3.19481
2.38031
0.329359
0
0
0.302843
0.520247
0.573279
0.394166
0.447199
6.70552e-07
6.70552e-07
6.70552e-07
6.70552e-07
6.70552e-07
6.70552e-07
6.70552e-07
6.70552e-07
6.70552e-07
6.70552e-07
6.70552e-07
6.70552e-07
6.70552e-07
6.70552e-07
6.70552e-07
6.70552e-07
6.70552e-07
6.70552e-07
6.70552e-07
6.70552e-07
6.70552e-07
6.70552e-07
6.70552e-07
6.70552e-07
6.70552e-07
6.70552e-07
6.70552e-07
6.70552e-07
2.63487
3.76624
3.76624
2.63487
0
0
0
0
0
0
0
0
0
0
0
0
0
0
0
0
0
0
0
0
0
0
0
0
0
0
0
0
0
0
0
0
0
0
0
0
0
0
0
0
0
0
0
0
0
0
0
0
0
0
0
0
0
0
1.49189
1.49189
0.908528
2.74879
2.59713
0
0
0
0
0.447199
0.520246
0.394166
0.408909
0.302843
6.70552e-07
6.70552e-07
6.70552e-07
6.70552e-07
6.70552e-07
6.70552e-07
6.70552e-07
6.70552e-07
6.70552e-07
6.70552e-07
6.70552e-07
6.70552e-07
6.70552e-07
6.70552e-07
6.70552e-07
6.70552e-07
6.70552e-07
6.70552e-07
6.70552e-07
6.70552e-07
6.70552e-07
6.70552e-07
6.70552e-07
6.70552e-07
6.70552e-07
6.70552e-07
6.70552e-07
6.70552e-07
3.36546
4.16197
2.63487
0
0
0
0
0
0
0
0
0
0
0
0
0
0
0
0
0
0
0
0
0
0
0
0
0
0
0
0
0
0
0
0
0
0
0
0
0
0
0
0
0
0
0
0
0
0
0
0
0
0
0
0
0
0
0
1.26205
1.56074
1.3416
2.43059
2.67668
0
0
0
0
0.420682
0.520246
0.447199
0.302843
0.329359
6.70552e-07
6.70552e-07
6.70552e-07
6.70552e-07
6.70552e-07
6.70552e-07
6.70552e-07
6.70552e-07
6.70552e-07
6.70552e-07
6.70552e-07
6.70552e-07
6.70552e-07
6.70552e-07
6.70552e-07
6.70552e-07
6.70552e-07
6.70552e-07
6.70552e-07
6.70552e-07
6.70552e-07
6.70552e-07
6.70552e-07
6.70552e-07
6.70552e-07
6.70552e-07
6.70552e-07
6.70552e-07
3.97838
3.97838
0
0
0
0
0
0
0
0
0
0
0
0
0
0
0
0
0
0
0
0
0
0
0
0
0
0
0
0
0
0
0
0
0
0
0
0
0
0
0
0
0
0
0
0
0
0
0
0
0
0
0
0
0
0
0
0
0.988078
1.56074
1.26205
2.19337
2.20948
0.420682
0.329359
0
0
0.420682
0.520247
0.329359
6.70552e-07
6.70552e-07
6.70552e-07
6.70552e-07
6.70552e-07
6.70552e-07
6.70552e-07
6.70552e-07
6.70552e-07
6.70552e-07
6.70552e-07
6.70552e-07
6.70552e-07
6.70552e-07
6.70552e-07
6.70552e-07
6.70552e-07
6.70552e-07
6.70552e-07
6.70552e-07
6.70552e-07
6.70552e-07
6.70552e-07
6.70552e-07
6.70552e-07
6.70552e-07
6.70552e-07
6.70552e-07
6.70552e-07
2.63487
4.16197
3.36546
0
0
0
0
0
0
0
0
0
0
0
0
0
0
0
0
0
0
0
0
0
0
0
0
0
0
0
0
0
0
0
0
0
0
0
0
0
0
0
0
0
0
0
0
0
0
0
0
0
0
0
0
0
0
0
0
0
1.26205
1.56074
2.83192
2.40166
0.546763
0.420682
0
0
0.329359
0.47078
0.47078
0.329359
6.70552e-07
6.70552e-07
6.70552e-07
6.70552e-07
6.70552e-07
6.70552e-07
6.70552e-07
6.70552e-07
6.70552e-07
6.70552e-07
6.70552e-07
6.70552e-07
6.70552e-07
6.70552e-07
6.70552e-07
6.70552e-07
6.70552e-07
6.70552e-07
6.70552e-07
6.70552e-07
6.70552e-07
6.70552e-07
6.70552e-07
6.70552e-07
6.70552e-07
6.70552e-07
6.70552e-07
2.63487
3.76624
3.76624
2.63487
0
0
0
0
0
0
0
0
0
0
0
0
0
0
0
0
0
0
0
0
0
0
0
0
0
0
0
0
0
0
0
0
0
0
0
0
0
0
0
0
0
0
0
0
0
0
0
0
0
0
0
0
0
0
0
0
0
0.988078
1.41234
3.00272
3.26789
2.40166
2.20948
1.98919
1.98919
1.98919
2.1275
2.28287
2.43398
2.09758
1.65194
0.497297
0.420682
0.329359
6.70552e-07
6.70552e-07
6.70552e-07
6.70552e-07
6.70552e-07
6.70552e-07
6.70552e-07
6.70552e-07
6.70552e-07
6.70552e-07
6.70552e-07
6.70552e-07
6.70552e-07
6.70552e-07
6.70552e-07
6.70552e-07
6.70552e-07
6.70552e-07
6.70552e-07
6.70552e-07
6.70552e-07
6.70552e-07
3.36546
4.16197
2.63487
0
0
0
0
0
0
0
0
0
0
0
0
0
0
0
0
0
0
0
0
0
0
0
0
0
0
0
0
0
0
0
0
0
0
0
0
0
0
0
0
0
0
0
0
0
0
0
0
0
0
0
0
0
0
0
0
0
0
0
0.988078
2.75385
2.81344
2.33364
2.19337
1.98919
1.98919
1.98919
1.98919
2.19337
2.33364
2.4605
2.22544
1.82184
1.88587
1.94137
1.98919
1.98919
1.98919
1.98919
1.98919
1.98919
1.98919
1.98919
1.98919
1.98919
1.98919
1.98919
1.98919
1.98919
1.98919
1.98919
1.98919
1.98919
1.98919
1.98919
1.73576
1.38607
3.93578
3.97838
0
0
0
0
0
0
0
0
0
0
0
0
0
0
0
0
0
0
0
0
0
0
0
0
0
0
0
0
0
0
0
0
0
0
0
0
0
0
0
0
0
0
0
0
0
0
0
0
0
0
0
0
0
0
0
0
0
0
0
0
0
1.49189
1.49189
1.67638e-07
1.67638e-07
1.67638e-07
1.67638e-07
1.67638e-07
1.67638e-07
1.67638e-07
1.67638e-07
1.33508
1.55422
1.49189
1.70089
1.84042
1.98919
1.98919
1.98919
1.98919
1.98919
1.98919
1.98919
1.98919
1.98919
1.98919
1.98919
1.98919
1.98919
1.98919
1.98919
1.98919
1.98919
1.98919
1.98919
1.98919
1.94137
1.98919
3.68366
3.47152
0
0
0
0
0
0
0
0
0
0
0
0
0
0
0
0
0
0
0
0
0
0
0
0
0
0
0
0
0
0
0
0
0
0
0
0
0
0
0
0
0
0
0
0
0
0
0
0
0
0
0
0
0
0
0
0
0
0
0
0
0
1.26205
1.64029
1.26205
0.988078
1.67638e-07
1.67638e-07
1.67638e-07
1.67638e-07
1.67638e-07
1.67638e-07
0.497297
0.497297
3.35276e-07
3.35276e-07
3.35276e-07
3.35276e-07
3.35276e-07
3.35276e-07
3.35276e-07
3.35276e-07
3.35276e-07
3.35276e-07
3.35276e-07
3.35276e-07
3.35276e-07
3.35276e-07
3.35276e-07
3.35276e-07
3.35276e-07
3.35276e-07
3.35276e-07
3.35276e-07
3.35276e-07
3.35276e-07
3.35276e-07
0.658718
2.16099
2.98641
2.77213
0
0
0
0
0
0
0
0
0
0
0
0
0
0
0
0
0
0
0
0
0
0
0
0
0
0
0
0
0
0
0
0
0
0
0
0
0
0
0
0
0
0
0
0
0
0
0
0
0
0
0
0
0
0
0
0
0
0
0
0
0
0.988078
1.26205
1.64029
1.26205
1.67638e-07
1.67638e-07
1.67638e-07
1.67638e-07
1.67638e-07
0.329359
0.520247
0.420682
3.35276e-07
3.35276e-07
3.35276e-07
3.35276e-07
3.35276e-07
3.35276e-07
3.35276e-07
3.35276e-07
3.35276e-07
3.35276e-07
3.35276e-07
3.35276e-07
3.35276e-07
3.35276e-07
3.35276e-07
3.35276e-07
3.35276e-07
3.35276e-07
3.35276e-07
3.35276e-07
3.35276e-07
3.35276e-07
3.35276e-07
3.35276e-07
1.68273
2.08099
1.31744
0
0
0
0
0
0
0
0
0
0
0
0
0
0
0
0
0
0
0
0
0
0
0
0
0
0
0
0
0
0
0
0
0
0
0
0
0
0
0
0
0
0
0
0
0
0
0
0
0
0
0
0
0
0
0
0
0
0
0
0
0
0
0
1.49189
1.49189
1.67638e-07
0.329359
0.420682
0.497297
0.497297
0.470781
0.49373
0.447199
3.35276e-07
3.35276e-07
3.35276e-07
3.35276e-07
3.35276e-07
3.35276e-07
3.35276e-07
3.35276e-07
3.35276e-07
3.35276e-07
3.35276e-07
3.35276e-07
3.35276e-07
3.35276e-07
3.35276e-07
3.35276e-07
3.35276e-07
3.35276e-07
3.35276e-07
3.35276e-07
3.35276e-07
3.35276e-07
3.35276e-07
3.35276e-07
1.98919
1.98919
0
0
0
0
0
0
0
0
0
0
0
0
0
0
0
0
0
0
0
0
0
0
0
0
0
0
0
0
0
0
0
0
0
0
0
0
0
0
0
0
0
0
0
0
0
0
0
0
0
0
0
0
0
0
0
0
0
0
0
0
0
0
0
0
1.26205
1.56074
0.988078
0.420682
0.546763
0.497297
0.497297
0.520247
0.523814
0.420682
3.35276e-07
3.35276e-07
3.35276e-07
3.35276e-07
3.35276e-07
3.35276e-07
3.35276e-07
3.35276e-07
3.35276e-07
3.35276e-07
3.35276e-07
3.35276e-07
3.35276e-07
3.35276e-07
3.35276e-07
3.35276e-07
3.35276e-07
3.35276e-07
3.35276e-07
3.35276e-07
3.35276e-07
3.35276e-07
3.35276e-07
1.31744
2.08099
1.68273
0
0
0
0
0
0
0
0
0
0
0
0
0
0
0
0
0
0
0
0
0
0
0
0
0
0
0
0
0
0
0
0
0
0
0
0
0
0
0
0
0
0
0
0
0
0
0
0
0
0
0
0
0
0
0
0
0
0
0
0
0
0
0
0
0.988078
1.56074
1.26205
0.497297
0.497297
3.35276e-07
3.35276e-07
0.497297
0.55033
0.497297
3.35276e-07
3.35276e-07
3.35276e-07
3.35276e-07
3.35276e-07
3.35276e-07
3.35276e-07
3.35276e-07
3.35276e-07
3.35276e-07
3.35276e-07
3.35276e-07
3.35276e-07
3.35276e-07
3.35276e-07
3.35276e-07
3.35276e-07
3.35276e-07
3.35276e-07
3.35276e-07
3.35276e-07
3.35276e-07
1.31744
1.88312
1.88312
1.31744
0
0
0
0
0
0
0
0
0
0
0
0
0
0
0
0
0
0
0
0
0
0
0
0
0
0
0
0
0
0
0
0
0
0
0
0
0
0
0
0
0
0
0
0
0
0
0
0
0
0
0
0
0
0
0
0
0
0
0
0
0
0
0
0
0
1.49189
1.49189
0.420682
0.520247
0.329359
3.35276e-07
0.420682
0.500232
0.420682
3.35276e-07
3.35276e-07
3.35276e-07
3.35276e-07
3.35276e-07
3.35276e-07
3.35276e-07
3.35276e-07
3.35276e-07
3.35276e-07
3.35276e-07
3.35276e-07
3.35276e-07
3.35276e-07
3.35276e-07
3.35276e-07
3.35276e-07
3.35276e-07
3.35276e-07
3.35276e-07
3.35276e-07
3.35276e-07
1.68273
2.08099
1.31744
0
0
0
0
0
0
0
0
0
0
0
0
0
0
0
0
0
0
0
0
0
0
0
0
0
0
0
0
0
0
0
0
0
0
0
0
0
0
0
0
0
0
0
0
0
0
0
0
0
0
0
0
0
0
0
0
0
0
0
0
0
0
0
0
0
0
1.26205
1.64029
1.63675
1.79532
1.94137
1.98919
1.96789
1.94137
1.96789
1.98919
1.98919
1.98919
1.68273
1.31744
3.35276e-07
3.35276e-07
3.35276e-07
3.35276e-07
3.35276e-07
3.35276e-07
3.35276e-07
3.35276e-07
3.35276e-07
3.35276e-07
3.35276e-07
3.35276e-07
3.35276e-07
3.35276e-07
3.35276e-07
3.35276e-07
3.35276e-07
1.98919
1.98919
0
0
0
0
0
0
0
0
0
0
0
0
0
0
0
0
0
0
0
0
0
0
0
0
0
0
0
0
0
0
0
0
0
0
0
0
0
0
0
0
0
0
0
0
0
0
0
0
0
0
0
0
0
0
0
0
0
0
0
0
0
0
0
0
0
0
0
0.988078
1.26205
1.49189
1.70089
1.84042
1.98919
1.98919
1.98919
1.98919
1.98919
1.98919
1.98919
2.08099
2.08099
1.98919
1.98919
1.98919
1.98919
1.98919
1.98919
1.98919
1.98919
1.98919
1.98919
1.98919
1.98919
1.98919
1.98919
1.98919
1.98919
1.98919
2.18705
1.68273
0
0
0
0
0
0
0
0
0
0
0
0
0
0
0
0
0
0
0
0
0
0
0
0
0
0
0
0
0
0
0
0
0
0
0
0
0
0
0
0
0
0
0
0
0
0
0
0
0
0
0
0
0
0
0
0
0
0
0
0
0
0
0
0
0
0
0
0
0
0
0
0
0
0
0
0
0
0
0
1.31744
1.68273
1.98919
1.98919
1.98919
1.98919
1.98919
1.98919
1.98919
1.98919
1.98919
1.98919
1.98919
1.98919
1.98919
1.98919
1.98919
1.98919
1.98919
1.68273
1.31744
0
0
0
0
0
0
0
0
0
0
0
0
0
0
0
0
0
0
0
0
0
0
0
0
0
0
0
0
0
0
0
0
0
0
0
0
0
0
0
0
0
0
0
0
0
0
0
0
0
0
0
0
0
0
0
0
0
0
0
0
0
0
0
0
0
0
0
0
0
0
0
0
0
0
0
0
0
0
0
0
0
0
0
0
0
0
0
0
0
0
0
0
0
0
0
0
0
0
0
0
0
0
0
0
0
0
0
0
0
0
0
0
0
0
0
0
0
0
0
0
0
0
0
0
0
0
0
0
0
0
0
0
0
0
0
0
0
0
0
0
0
0
0
0
0
0
0
0
0
0
0
0
0
0
0
0
0
0
0
0
0
0
0
0
0
0
0
0
0
0
0
0
0
0
0
0
0
0
0
0
0
0
0
0
0
0
0
0
0
0
0
0
0
0
0
0
0
0
0
0
0
0
0
0
0
0
0
0
0
0
0
0
0
0
0
0
0
0
0
0
0
0
0
0
0
0
0
0
0
0
0
0
0
0
0
0
0
0
0
0
0
0
0
0
0
0
0
0
0
0
0
0
0
0
0
0
0
0
0
0
0
0
0
0
0
0
0
0
0
0
0
0
0
0
0
0
0
0
0
0
0
0
0
0
0
0
0
0
0
0
0
0
0
0
0
0
0
0
0
0
0
0
0
0
0
0
0
0
0
0
0
0
0
0
0
0
0
0
0
0
0
0
0
0
0
0
0
0
0
0
0
0
0
0
0
0
0
0
0
0
0
0
0
0
0
0
0
0
0
0
0
0
0
0
0
0
0
0
0
0
0
0
0
0
0
0
0
0
0
0
0
0
0
0
0
0
0
0
0
0
0
0
0
0
0
0
0
0
0
0
0
0
0
0
0
0
0
0
0
0
0
0
0
0
0
0
0
0
0
0
0
0
0
0
0
0
0
0
0
0
0
0
0
0
0
0
0
0
0
0
0
0
0
0
0
0
0
0
0
0
0
0
0
0
0
0
0
0
0
0
0
0
0
0
0
0
0
0
0
0
0
0
0
0
0
0
0
0
0
0
0
0
0
0
0
0
0
0
0
0
0
0
0
0
0
0
0
0
0
0
0
0
0
0
0
0
0
0
0
0
0
0
0
0
0
0
0
0
0
0
0
0
0
0
0
0
0
0
0
0
0
0
0
0
0
0
0
0
0
0
0
0
0
0
0
0
0
0
0
0
0
0
0
0
0
0
0
0
0
0
0
0
0
0
0
0
0
0
0
0
0
0
0
0
0
0
0
0
0
0
0
0
0
0
0
0
0
0
0
0
0
0
0
0
0
0
0
0
0
0
0
0
0
0
0
0
0
0
0
0
0
0
0
0
0
0
0
0
0
0
0
0
0
0
0
0
0
0
0
0
0
0
0
0
0
0
0
0
0
0
0
0
0
0
0
0
0
0
0
0
0
0
0
0
0
0
0
0
0
0
0
0
0
0
0
0
0
0
0
0
0
0
0
0
0
0
0
0
0
0
0
0
0
0
0
0
0
0
0
0
0
0
0
0
0
0
0
0
0
0
0
0
0
0
0
0
0
0
0
0
0
0
0
0
0
0
0
0
0
0
0
0
0
0
0
0
0
0
0
0
0
0
0
0
0
0
0
0
0
0
0
0
0
0
0
0
0
0
0
0
0
0
0
0
0
0
0
0
0
0
0
0
0
0
0
0
0
0
0
0
0
0
0
0
0
0
0
0
0
0
0
0
0
0
0
0
0
0
0
0
0
0
0
0
0
0
0
0
0
0
0
0
0
0
0
0
0
0
0
0
0
0
0
0
0
0
0
0
0
0
0
0
0
0
0
0
0
0
0
0
0
0
0
0
0
0
0
0
0
0
0
0
0
0
0
0
0
0
0
0
0
0
0
0
0
0
0
0
0
0
0
0
0
0
0
0
0
0
0
0
0
0
0
0
0
0
0
0
0
0
0
0
0
0
0
0
0
0
0
0
0
0
0
0
0
0
0
0
0
0
0
0
0
0
0
0
0
0
0
0
0
0
0
0
0
0
0
0
0
0
0
0
0
0
0
0
0
0
0
0
0
0
0
0
0
0
0
0
0
0
0
0
0
0
0
0
0
0
0
0
0
0
0
0
0
0
0
0
0
0
0
0
0
0
0
0
0
0
0
0
0
0
0
0
0
0
0
0
0
0
0
0
0
0
0
0
0
0
0
0
0
0
0
0
0
0
0
0
0
0
0
0
0
0
0
0
0
0
0
0
0
0
0
0
0
0
0
0
0
0
0
0
0
0
0
0
0
0
0
0
0
0
0
0
0
0
0
0
0
0
0
0
0
0
0
0
0
0
0
0
0
0
0
0
0
0
0
0
0
0
0
0
0
0
0
0
0
0
0
0
0
0
0
0
0
0
0
0
0
0
0
0
0
0
0
0
0
0
0
0
0
0
0
0
0
0
0
0
0
0
0
0
0
0
0
0
0
0
0
0
0
0
0
0
0
0
0
0
0
0
0
0
0
0
0
0
0
0
0
0
0
0
0
0
0
0
0
0
0
0
0
0
0
0
0
0
0
0
0
0
0
0
0
0
0
0
0
0
0
0
0
0
0
0
0
0
0
0
0
0
0
0
0
0
0
0
0
0
0
0
0
0
0
0
0
0
0
0
0
0
0
0
0
0
0
0
0
0
0
0
0
0
0
0
0
0
0
0
0
0
0
0
0
0
0
0
0
0
0
0
0
0
0
0
0
0
0
0
0
0
0
0
0
0
0
0
0
0
0
0
0
0
0
0
0
0
0
0
0
0
0
0
0
0
0
0
0
0
0
0
0
0
0
0
0
0
0
0
0
0
0
0
0
0
0
0
0
0
0
0
0
0
0
0
0
0
0
0
0
0
0
0
0
0
0
0
0
0
0
0
0
0
0
0
0
0
0
0
0
0
0
0
0
0
0
0
0
0
0
0
0
0
0
0
0
0
0
0
0
0
0
0
0
0
0
0
0
0
0
0
0
0
0
0
0
0
0
0
0
0
0
0
0
0
0
0
0
0
0
0
0
0
0
0
0
0
0
0
0
0
0
0
0
0
0
0
0
0
0
0
0
0
0
0
0
0
0
0
0
0
0
0
0
0
0
0
0
0
0
0
0
0
0
0
0
0
0
0
0
0
0
0
0
0
0
0
0
0
0
0
0
0
0
0
0
0
0
0
0
0
0
0
0
0
0
0
0
0
0
0
0
0
0
0
0
0
0
0
0
0
0
0
0
0
0
0
0
0
0
0
0
0
0
0
0
0
0
0
0
0
0
0
0
0
0
0
0
0
0
0
0
0
0
0
0
0
0
0
0
0
0
0
0
0
0
0
0
0
0
0
0
0
0
0
0
0
0
0
0
0
0
0
0
0
0
0
0
0
0
0
0
0
0
0
0
0
0
0
0
0
0
0
0
0
0
0
0
0
0
0
0
0
0
0
0
0
0
0
0
0
0
0
0
0
0
0
0
0
0
0
0
0
0
0
0
0
0
0
0
0
0
0
0
0
0
0
0
0
0
0
0
0
0
0
0
0
0
0
0
0
0
0
0
0
0
0
0
0
0
0
0
0
0
0
0
0
0
0
0
0
0
0
0
0
0
0
0
0
0
0
0
0
0
0
0
0
0
0
0
0
0
0
0
0
0
0
0
0
0
0
0
0
0
0
