0
0
0
0
0
0
0
0
0
0
0
0
0
0
0
0
0
0
0
0
0
0
0
0
0
0
0
0
0
0
0
0
0
0
0
0
0
0
0
0
0
0
0
0
0
0
0
0
0
0
0
0
0
0
0
0
0
0
0
0
0
0
0
0
0
0
0
0
0
0
0
0
0
0
0
0
0
0
0
0
0
0
0
0
0
0
0
0
0
0
0
0
0
0
0
0
0
0
0
0
0
3.94795
3.67864
0
0
0
0
1.31744
1.68273
1.68273
1.31744
0
0
0
0
0
0
0
0
0
0
0
0
0
0
0
0
0
0
0
0
0
0
0
0
0
0
0
0
0
0
0
0
0
0
0
0
0
0
0
0
0
0
0
0
0
0
0
0
0
0
0
0
0
0
0
0
0
0
0
0
0
0
0
0
0
0
0
0
0
0
0
0
0
0
0
0
0
0
0
0
0
0
0
0
0
0
0
0
0
0
3.90592
3.77333
1.6468
0.988078
1.26205
1.26205
0.988078
0
0
0
0
0
0
0
0
0
0
0
0
0
0
0
0
0
0
0
0
0
0
0
0
0
0
0
0
0
0
0
0
0
0
0
0
0
0
0
0
0
0
0
0
0
0
0
0
0
0
0
0
0
0
0
0
0
0
0
0
0
0
0
0
0
0
0
0
0
0
0
0
0
0
0
0
0
0
0
0
0
0
0
0
0
0
0
0
0
0
0
0
0
3.66354
3.64644
2.10341
0.908528
1.5007
1.5007
0.908528
1.6468
2.10341
2.48649
2.10341
1.6468
0
0
0
0
0
0
0
0
0
0
0
0
0
0
0
0
0
0
0
0
0
0
0
0
0
0
0
0
0
0
0
0
0
0
0
0
0
0
0
0
0
0
0
0
0
0
0
0
0
0
0
0
0
0
0
0
0
0
0
0
0
0
0
0
0
0
0
0
0
0
0
0
0
0
0
0
0
0
0
0
0
0
0
0
0
0
0
0
3.16419
3.1158
2.21476
1.3416
1.41234
1.49189
0.988078
2.10341
2.73382
2.48649
2.73382
2.10341
0
0
0
0
0
0
0
0
0
0
0
0
0
0
0
0
0
0
0
0
0
0
0
0
0
0
0
0
0
0
0
0
0
0
0
0
0
0
0
0
0
0
0
0
0
0
0
0
0
0
0
0
0
0
0
0
0
0
0
0
0
0
0
0
0
0
0
0
0
0
0
0
0
0
0
0
0
0
0
0
0
0
0
0
0
0
0
0
3.01945
2.78689
1.78822
1.26205
1.57144
1.41234
0.988078
2.48649
2.62075
1.72906
2.75262
2.10341
0
0
0
0
0
0
0
0
0
0
0
0
0
0
0
0
0
0
0
0
0
0
0
0
0
0
0
0
0
0
0
0
0
0
0
0
0
0
0
0
0
0
0
0
0
0
0
0
0
0
0
0
0
0
0
0
0
0
0
0
0
0
0
0
0
0
0
0
0
0
0
0
0
0
0
0
0
0
0
0
0
0
0
0
0
0
0
0
1.4862
1.51272
0.988078
1.49189
1.64029
1.41234
1.41234
2.21476
2.84889
2.78034
2.88958
1.6468
0
0
0
0
0
0
0
0
0
0
0
0
0
0
0
0
0
0
0
0
0
0
0
0
0
0
0
0
0
0
0
0
0
0
0
0
0
0
0
0
0
0
0
0
0
0
0
0
0
0
0
0
0
0
0
0
0
0
0
0
0
0
0
0
0
0
0
0
0
0
0
0
0
0
0
0
0
0
0
0
0
0
0
0
0
0
0
0
0
0
0
1.49189
1.49189
1.3416
1.56074
2.26779
2.96406
2.90451
3.52479
2.94478
2.30551
0
0
0
0
0
0
0
0
0
0
0
0
0
0
0
0
0
0
0
0
0
0
0
0
0
0
0
0
0
0
0
0
0
0
0
0
0
0
0
0
0
0
0
0
0
0
0
0
0
0
0
0
0
0
0
0
0
0
0
0
0
0
0
0
0
0
0
0
0
0
0
0
0
0
0
0
0
0
0
0
0
0
0
0
0
0
0
0
0
0
1.49189
1.49189
1.03388
1.69512
2.0349
3.02277
3.3084
2.86863
3.64173
3.29546
2.30551
0
0
0
0
0
0
0
0
0
0
0
0
0
0
0
0
0
0
0
0
0
0
0
0
0
0
0
0
0
0
0
0
0
0
0
0
0
0
0
0
0
0
0
0
0
0
0
0
0
0
0
0
0
0
0
0
0
0
0
0
0
0
0
0
0
0
0
0
0
0
0
0
0
0
0
0
0
0
0
0
0
0
0
0
0
0
0
0
0
1.26205
1.56074
1.54624
1.7688
2.46622
2.87235
2.10079
0.497297
3.13039
3.64173
2.1199
0
0
0
0
0
0
0
0
0
0
0
0
0
0
0
0
0
0
0
0
0
0
0
0
0
0
0
0
0
0
0
0
0
0
0
0
0
0
0
0
0
0
0
0
0
0
0
0
0
0
0
0
0
0
0
0
0
0
0
0
0
0
0
0
0
0
0
0
0
0
0
0
0
0
0
0
0
0
0
0
0
0
0
0
0
0
0
0
0
0.988078
1.56074
1.55422
1.34364
1.87575
2.36683
2.23337
0.497297
2.1199
3.64173
3.13039
0
0
0
0
0
0
0
0
0
0
0
0
0
0
0
0
0
0
0
0
0
0
0
0
0
0
0
0
0
0
0
0
0
0
0
0
0
0
0
0
0
0
0
0
0
0
0
0
0
0
0
0
0
0
0
0
0
0
0
0
0
0
0
0
0
0
0
0
0
0
0
0
0
0
0
0
0
0
0
0
0
0
0
0
0
0
0
0
0
0.988078
1.56074
1.55422
0.685235
0.520247
0.782874
0.880913
0.497297
2.30551
3.29546
3.64173
2.94478
2.30551
0
0
0
0
0
0
0
0
0
0
0
0
0
0
0
0
0
0
0
0
0
0
0
0
0
0
0
0
0
0
0
0
0
0
0
0
0
0
0
0
0
0
0
0
0
0
0
0
0
0
0
0
0
0
0
0
0
0
0
0
0
0
0
0
0
0
0
0
0
0
0
0
0
0
0
0
0
0
0
0
0
0
0
0
0
0
0
1.26205
1.56074
1.17602
0.826656
0.735991
0.685235
0.782874
0.520247
0.329359
2.30551
3.48108
3.6667
2.1199
0
0
0
0
0
0
0
0
0
0
0
0
0
0
0
0
0
0
0
0
0
0
0
0
0
0
0
0
0
0
0
0
0
0
0
0
0
0
0
0
0
0
0
0
0
0
0
0
0
0
0
0
0
0
0
0
0
0
0
0
0
0
0
0
0
0
0
0
0
0
0
0
0
0
0
0
0
0
0
0
0
0
0
0
0
0
0
1.26205
1.56074
1.20253
0.933467
0.709474
0.497297
0.685235
0.520247
0.420682
0
2.94478
3.64173
2.30552
0
0
0
0
0
0
0
0
0
0
0
0
0
0
0
0
0
0
0
0
0
0
0
0
0
0
0
0
0
0
0
0
0
0
0
0
0
0
0
0
0
0
0
0
0
0
0
0
0
0
0
0
0
0
0
0
0
0
0
0
0
0
0
0
0
0
0
0
0
0
0
0
0
0
0
0
0
0
0
0
0
0
0
0
0
0
0
0.988078
1.56074
1.46669
0.826656
0.735991
0.685235
0.497297
0.497297
0.497297
0
3.48108
3.48108
0
0
0
0
0
0
0
0
0
0
0
0
0
0
0
0
0
0
0
0
0
0
0
0
0
0
0
0
0
0
0
0
0
0
0
0
0
0
0
0
0
0
0
0
0
0
0
0
0
0
0
0
0
0
0
0
0
0
0
0
0
0
0
0
0
0
0
0
0
0
0
0
0
0
0
0
0
0
0
0
0
0
0
0
0
0
0
0
0.988078
1.56074
1.55422
0.685235
0.520247
0.782874
0.497297
0.497297
0.497297
0.329359
3.42328
3.32373
0
0
0
0
0
0
0
0
0
0
0
0
0
0
0
0
0
0
0
0
0
0
0
0
0
0
0
0
0
0
0
0
0
0
0
0
0
0
0
0
0
0
0
0
0
0
0
0
0
0
0
0
0
0
0
0
0
0
0
0
0
0
0
0
0
0
0
0
0
0
0
0
0
0
0
0
0
0
0
0
0
0
0
0
0
0
0
0
0.908528
1.56074
1.63377
0.497297
0.497297
0.880913
0.497297
0.497297
0.497297
0.420682
3.36079
3.18286
0
0
0
0
0
0
0
0
0
0
0
0
0
0
0
0
0
0
0
0
0
0
0
0
0
0
0
0
0
0
0
0
0
0
0
0
0
0
0
0
0
0
0
0
0
0
0
0
0
0
0
0
0
0
0
0
0
0
0
0
0
0
0
0
0
0
0
0
0
0
0
0
0
0
0
0
0
0
0
0
0
0
0
0
0
0
0
0
0.988078
1.41234
1.74229
1.33508
0.497297
0.880913
0.497297
0.420682
0.546763
0.546763
3.19396
2.98378
0
0
0
0
0
0
0
0
0
0
0
0
0
0
0
0
0
0
0
0
0
0
0
0
0
0
0
0
0
0
0
0
0
0
0
0
0
0
0
0
0
0
0
0
0
0
0
0
0
0
0
0
0
0
0
0
0
0
0
0
0
0
0
0
0
0
0
0
0
0
0
0
0
0
0
0
0
0
0
0
0
0
0
0
0
0
0
0
0
0.988078
1.85935
1.64785
0.685235
0.782874
0.520247
0.629451
0.470781
2.20146
3.27039
2.52409
0
0
0
0
0
0
0
0
0
0
0
0
0
0
0
0
0
0
0
0
0
0
0
0
0
0
0
0
0
0
0
0
0
0
0
0
0
0
0
0
0
0
0
0
0
0
0
0
0
0
0
0
0
0
0
0
0
0
0
0
0
0
0
0
0
0
0
0
0
0
0
0
0
0
0
0
0
0
0
0
0
0
0
0
0
0
0
0
0
0
1.51272
2.04222
1.95616
1.77531
0.520246
0.693033
0.500232
2.70469
3.12148
1.97616
0
0
0
0
0
0
0
0
0
0
0
0
0
0
0
0
0
0
0
0
0
0
0
0
0
0
0
0
0
0
0
0
0
0
0
0
0
0
0
0
0
0
0
0
0
0
0
0
0
0
0
0
0
0
0
0
0
0
0
0
0
0
0
0
0
0
0
0
0
0
0
0
0
0
0
0
0
0
0
0
0
0
0
0
0
0
0
0
0
0
0.988078
1.51272
2.48432
2.09758
0.497297
0.782874
0.500232
2.70469
3.12148
1.97616
0
0
0
0
0
0
0
0
0
0
0
0
0
0
0
0
0
0
0
0
0
0
0
0
0
0
0
0
0
0
0
0
0
0
0
0
0
0
0
0
0
0
0
0
0
0
0
0
0
0
0
0
0
0
0
0
0
0
0
0
0
0
0
0
0
0
0
0
0
0
0
0
0
0
0
0
0
0
0
0
0
0
0
0
0
0
0
0
0
0
0
0
2.48649
2.48649
0.497297
0.685235
0.302843
2.08061
3.12148
2.52409
0
0
0
0
0
0
0
0
0
0
0
0
0
0
0
0
0
0
0
0
0
0
0
0
0
0
0
0
0
0
0
0
0
0
0
0
0
0
0
0
0
0
0
0
0
0
0
0
0
0
0
0
0
0
0
0
0
0
0
0
0
0
0
0
0
0
0
0
0
0
0
0
0
0
0
0
0
0
0
0
0
0
0
0
0
0
0
0
0
0
0
0
2.48649
2.48649
0.497297
0.497297
3.35276e-07
3.35276e-07
2.98378
2.98378
0
0
0
0
0
0
0
0
0
0
0
0
0
0
0
0
0
0
0
0
0
0
0
0
0
0
0
0
0
0
0
0
0
0
0
0
0
0
0
0
0
0
0
0
0
0
0
0
0
0
0
0
0
0
0
0
0
0
0
0
0
0
0
0
0
0
0
0
0
0
0
0
0
0
0
0
0
0
0
0
0
0
0
0
0
0
0
0
0
0
0
0
2.10341
2.73382
2.37443
1.97295
3.35276e-07
3.35276e-07
2.98378
2.98378
0
0
0
0
0
0
0
0
0
0
0
0
0
0
0
0
0
0
0
0
0
0
0
0
0
0
0
0
0
0
0
0
0
0
0
0
0
0
0
0
0
0
0
0
0
0
0
0
0
0
0
0
0
0
0
0
0
0
0
0
0
0
0
0
0
0
0
0
0
0
0
0
0
0
0
0
0
0
0
0
0
0
0
0
0
0
0
0
0
0
0
0
1.6468
2.68764
2.99977
1.83175
3.35276e-07
1.97616
3.12148
2.52409
0
0
0
0
0
0
0
0
0
0
0
0
0
0
0
0
0
0
0
0
0
0
0
0
0
0
0
0
0
0
0
0
0
0
0
0
0
0
0
0
0
0
0
0
0
0
0
0
0
0
0
0
0
0
0
0
0
0
0
0
0
0
0
0
0
0
0
0
0
0
0
0
0
0
0
0
0
0
0
0
0
0
0
0
0
0
0
0
0
0
0
0
0
1.81706
3.12148
2.68319
3.35276e-07
2.52409
3.12148
1.97616
0
0
0
0
0
0
0
0
0
0
0
0
0
0
0
0
0
0
0
0
0
0
0
0
0
0
0
0
0
0
0
0
0
0
0
0
0
0
0
0
0
0
0
0
0
0
0
0
0
0
0
0
0
0
0
0
0
0
0
0
0
0
0
0
0
0
0
0
0
0
0
0
0
0
0
0
0
0
0
0
0
0
0
0
0
0
0
0
0
0
0
0
0
1.97616
3.12148
2.52409
0.329359
3.08879
3.18286
0
0
0
0
0
0
0
0
0
0
0
0
0
0
0
0
0
0
0
0
0
0
0
0
0
0
0
0
0
0
0
0
0
0
0
0
0
0
0
0
0
0
0
0
0
0
0
0
0
0
0
0
0
0
0
0
0
0
0
0
0
0
0
0
0
0
0
0
0
0
0
0
0
0
0
0
0
0
0
0
0
0
0
0
0
0
0
0
0
0
0
0
0
0
0
2.52409
3.27039
2.17494
3.31983
3.32373
0
0
0
0
0
0
0
0
0
0
0
0
0
0
0
0
0
0
0
0
0
0
0
0
0
0
0
0
0
0
0
0
0
0
0
0
0
0
0
0
0
0
0
0
0
0
0
0
0
0
0
0
0
0
0
0
0
0
0
0
0
0
0
0
0
0
0
0
0
0
0
0
0
0
0
0
0
0
0
0
0
0
0
0
0
0
0
0
0
0
0
0
0
0
0
1.97616
3.40704
2.88985
2.93283
3.64173
2.30551
0
0
0
0
0
0
0
0
0
0
0
0
0
0
0
0
0
0
0
0
0
0
0
0
0
0
0
0
0
0
0
0
0
0
0
0
0
0
0
0
0
0
0
0
0
0
0
0
0
0
0
0
0
0
0
0
0
0
0
0
0
0
0
0
0
0
0
0
0
0
0
0
0
0
0
0
0
0
0
0
0
0
0
0
0
0
0
0
0
0
0
0
0
0
0
3.00132
3.41295
2.58575
3.64173
2.94478
0
0
0
0
0
0
0
0
0
0
0
0
0
0
0
0
0
0
0
0
0
0
0
0
0
0
0
0
0
0
0
0
0
0
0
0
0
0
0
0
0
0
0
0
0
0
0
0
0
0
0
0
0
0
0
0
0
0
0
0
0
0
0
0
0
0
0
0
0
0
0
0
0
0
0
0
0
0
0
0
0
0
0
0
0
0
0
0
0
0
0
0
0
0
0
2.48843
3.28612
1.68273
3.48108
3.48108
0
0
0
0
0
0
0
0
0
0
0
0
0
0
0
0
0
0
0
0
0
0
0
0
0
0
0
0
0
0
0
0
0
0
0
0
0
0
0
0
0
0
0
0
0
0
0
0
0
0
0
0
0
0
0
0
0
0
0
0
0
0
0
0
0
0
0
0
0
0
0
0
0
0
0
0
0
0
0
0
0
0
0
0
0
0
0
0
0
0
0
0
0
0
0
1.26205
3.26078
2.67668
3.48108
3.48108
0
0
0
0
0
0
0
0
0
0
0
0
0
0
0
0
0
0
0
0
0
0
0
0
0
0
0
0
0
0
0
0
0
0
0
0
0
0
0
0
0
0
0
0
0
0
0
0
0
0
0
0
0
0
0
0
0
0
0
0
0
0
0
0
0
0
0
0
0
0
0
0
0
0
0
0
0
0
0
0
0
0
0
0
0
0
0
0
0
0
0
0
0
0
0
0.988078
2.92177
3.28662
3.74971
3.32373
0
0
0
0
0
0
0
0
0
0
0
0
0
0
0
0
0
0
0
0
0
0
0
0
0
0
0
0
0
0
0
0
0
0
0
0
0
0
0
0
0
0
0
0
0
0
0
0
0
0
0
0
0
0
0
0
0
0
0
0
0
0
0
0
0
0
0
0
0
0
0
0
0
0
0
0
0
0
0
0
0
0
0
0
0
0
0
0
0
0
0
0
0
0
0
0
2.30552
3.16463
3.48283
2.76693
0
0
0
0
0
0
0
0
0
0
0
0
0
0
0
0
0
0
0
0
0
0
0
0
0
0
0
0
0
0
0
0
0
0
0
0
0
0
0
0
0
0
0
0
0
0
0
0
0
0
0
0
0
0
0
0
0
0
0
0
0
0
0
0
0
0
0
0
0
0
0
0
0
0
0
0
0
0
0
0
0
0
0
0
0
0
0
0
0
0
0
0
0
0
0
0
0
1.97616
1.81706
1.97616
0
0
0
0
0
0
0
0
0
0
0
0
6.25783
7.99296
7.99296
8.49678
7.99296
9.44864
9.44864
9.44864
9.44864
9.44864
9.44864
7.99296
6.25783
6.25783
7.99296
9.44864
9.44864
9.44864
7.99296
8.49678
7.99296
9.44864
9.44864
9.28449
9.14314
8.95135
8.95135
8.95135
7.57228
5.92847
5.92847
5.45117
7.83941
7.1516
7.1516
5.59911
0
0
0
0
0
0
0
0
0
0
0.988078
0.908528
0.988078
0
0
0
0
0
0
0
0
0
0
0
0
0
0
0
0
0
0
0
0
0
0
0
0
0
0
0
0
0
0
0
0
0
0
0
0
0
0
0
0
0
0
0
0
0
0
0
0
0
0
6.25783
8.94483
9.88469
9.88469
9.88469
9.88469
9.40914
9.34131
9.34131
9.40914
9.44864
9.44864
9.88469
9.88469
9.88469
9.88469
9.44864
9.44864
9.44864
9.88469
9.88469
9.82604
9.34131
9.29814
9.22655
9.04692
8.95135
8.95135
9.07344
9.97767
9.14314
8.47405
9.2834
9.07653
8.84419
9.29497
7.1516
0
0
0
0
0
0
0
0
0
2.96423
2.92804
3.21972
1.51272
1.6468
1.51421
1.6468
0
0
0
0
0
0
0
0
0
0
0
0
0
0
0
0
0
0
0
0
0
0
0
0
0
0
0
0
0
0
0
0
0
0
0
0
0
0
0
0
0
0
0
0
0
0
0
7.99296
9.82604
6.22984
6.25636
5.75401
6.25636
0.47078
0.520246
0.520246
0.520246
0.497297
0.497297
6.22634
7.94827
7.92175
6.22078
0.497297
0.497297
0.497297
6.22078
5.71697
6.18661
0.520246
0.497297
0.420682
0.329359
0.329359
0.302843
0.602935
7.84337
9.69589
8.55886
7.92746
5.27937
5.59911
8.45405
8.45405
5.92847
7.36212
7.38863
5.59911
0
0
0
0
2.30551
4.1988
4.20043
4.3624
3.6266
3.05692
3.32208
2.61035
0
0
0
0
0
0
0
0
0
0
0
0
0
0
0
0
0
0
0
0
0
0
0
0
0
0
0
0
0
0
0
0
0
0
0
0
0
0
0
0
0
0
0
0
0
0
0
9.28449
9.27162
0.520246
0.520246
0.497297
0.520246
0.47078
0.329359
0.329359
0.420682
0.497297
0.497297
0.520246
0.520246
0.520246
0.497297
0.497297
0.497297
0.497297
0.497297
0.497297
0.420682
0.329359
0
0.329359
0.420682
0.520247
0.520247
0.756358
6.18218
5.67299
5.96611
0.520247
0.447199
0.329359
8.54991
9.59736
8.47405
9.27952
9.27952
8.33663
5.92847
0
0
0
4.26765
6.23077
5.38132
6.28295
6.25131
4.88599
3.69685
3.1895
0
0
0
0
0
0
0
0
0
0
0
0
0
0
0
0
0
0
0
0
0
0
0
0
0
0
0
0
0
0
0
0
0
0
0
0
0
0
0
0
0
0
0
0
0
0
0
9.14314
9.04692
0.447198
0.420682
0.497297
0.420682
0.329359
0
0
0
0
0
0.329359
0.302842
0.329359
0
0
0
0
0
0
0
0.329359
0.420682
0.520247
0.520247
0.602935
0.602935
0.874397
0.756358
0.602935
0.517297
0.520247
0.420682
0.420682
8.72969
9.7303
9.36444
5.92741
5.90089
9.30603
7.57228
0
0
0
5.29574
7.76836
5.05161
6.98831
7.02804
6.54918
3.59062
2.94478
0
0
0
0
0
0
0
0
0
0
0
0
0
0
0
0
0
0
0
0
0
0
0
0
0
0
0
0
0
0
0
0
0
0
0
0
0
0
0
0
0
0
0
0
0
0
0
8.95135
8.95135
0
0
0
0
0
0
0
0
0
0
0
0
0
0
0
0
0
0
0
0
0.420682
0.546763
0.602935
0.602935
0.520247
0.523814
0.602935
0.520247
0.420682
0
0.497297
0.497297
0.497297
8.80133
9.90594
8.95135
0
0
8.95135
8.95135
0
0
1.31744
5.16196
7.54484
6.39614
6.33655
6.18174
6.42032
3.40704
2.30552
0
0
0
0
0
0
0
0
0
0
0
0
0
0
0
0
0
0
0
0
0
0
0
0
0
0
0
0
0
0
0
0
0
0
0
0
0
0
0
0
0
0
0
0
0
0
0
8.95135
8.95135
0
0
0
0
0
0
0
0
0
5.92847
5.45117
5.92847
0
0
0
0
0
0
0
0
0.497297
0.953467
0.841364
5.49354
4.98215
5.52996
0.497297
0.497297
0.497297
0
0.497297
0.497297
0.735991
8.90295
10.1281
9.04692
0.329359
0
7.57228
9.36444
5.92847
0
2.47968
4.28366
6.44575
6.99923
7.35615
6.71416
6.76218
2.52409
0
0
0
0
0
0
0
0
0
0
0
0
0
0
0
0
0
0
0
0
0
0
0
0
0
0
0
0
0
0
0
0
0
0
0
0
0
0
0
0
0
0
0
0
0
0
0
0
8.95135
8.95135
0
0
0
0
0
0
0
0
0
5.45117
7.36036
5.45117
0
0
0
0
0
0
0
0
0.497297
5.77095
5.14883
6.79864
6.51595
5.04276
0.685235
0.520247
0.420682
0
0.497297
0.497297
0.867881
7.76483
9.35364
7.84337
0.420682
0
5.92847
9.36444
7.57228
0
3.08121
3.17148
1.74229
2.68558
2.79388
3.60937
4.12353
1.97616
0
0
0
0
0
0
0
0
0
0
0
0
0
0
0
0
0
0
0
0
0
0
0
0
0
0
0
0
0
0
0
0
0
0
0
0
0
0
0
0
0
0
0
0
0
0
0
0
9.14314
9.04692
0.329359
0
0
0
0
0
0
0
0
5.92847
5.45117
5.92847
0
0
0
0
0
0
0
0
0.497297
5.37521
6.67226
6.66145
4.84541
5.56913
0.854397
0.470781
0.329359
0
0.497297
0.497297
0.841364
6.13304
5.72643
6.17681
0.420682
0
0
8.95135
8.95135
0
3.32373
3.14823
1.67983
1.87487
1.98919
3.48108
3.48108
0
0
0
0
0
0
0
0
0
0
0
0
0
0
0
0
0
0
0
0
0
0
0
0
0
0
0
0
0
0
0
0
0
0
0
0
0
0
0
0
0
0
0
0
0
0
0
0
0
9.28449
9.27162
0.47078
0.329359
0
0
0
0
0
0
0
0
0
0
0
0
0
0
0
0
0
0
0.497297
5.77909
6.97684
6.73092
5.36024
0.854397
0.854397
0.329359
0
0
0.497297
5.79535
5.34424
5.92167
0.854396
0.602935
0.329359
0
5.92847
9.36444
7.57228
0
3.18286
2.9307
1.54624
1.87487
1.98919
3.48108
3.48108
0
0
0
0
0
0
0
0
0
0
0
0
0
0
0
0
0
0
0
0
0
0
0
0
0
0
0
0
0
0
0
0
0
0
0
0
0
0
0
0
0
0
0
0
0
0
0
0
0
9.44864
9.40914
0.520246
0.420682
0.329359
0.420682
0.420682
0.329359
0
0
0
0
0
0
0
0
0
0
0
0
0
0
0.497297
0.880913
5.04276
6.54254
4.97737
0.933467
0.735991
0
0
0
5.8977
8.29752
8.90483
7.25758
0.520247
0.420682
0
0
5.45117
9.33637
8.81393
5.84478
3.12148
2.46363
1.3416
2.07691
2.20948
3.68824
3.67864
0
0
0
0
0
0
0
0
0
0
0
0
0
0
0
0
0
0
0
0
0
0
0
0
0
0
0
0
0
0
0
0
0
0
0
0
0
0
0
0
0
0
0
0
0
0
0
0
0
9.44864
9.44864
0.497297
0.546763
0.47078
0.520246
0.546763
0.420682
0
0
0
0
0
0
0
0
0
0
0
0
0
0
0.497297
0.782875
5.56398
5.04276
5.56398
0.782875
0.497297
0
0.329359
0.302842
5.54185
9.27952
10.0046
8.65014
0.546763
0.420682
0
0
5.92847
7.5246
9.15868
7.0627
2.7979
2.03441
1.15602
2.21377
2.40166
3.88187
3.81965
0
0
0
0
0
0
0
0
0
0
0
0
0
0
0
0
0
0
0
0
0
0
0
0
0
0
0
0
0
0
0
0
0
0
0
0
0
0
0
0
0
0
0
0
0
0
0
0
0
7.99296
9.88469
6.22078
0.520246
0.520246
0.447198
0.497297
0.497297
0
0
0
0
0
0
0
0
0
0
0
0
0
0
0.497297
0.685235
5.56914
7.0567
7.19153
5.84008
0.420682
0
0.420682
0.500231
6.05875
8.47405
9.33637
7.50158
0.420682
0.329359
0
0
0
0.329359
6.96761
6.60888
2.32253
1.89307
1.97295
3.24047
3.15424
3.97838
3.97838
0
0
0
0
0
0
0
0
0
0
0
0
0
0
0
0
0
0
0
0
0
0
0
0
0
0
0
0
0
0
0
0
0
0
0
0
0
0
0
0
0
0
0
0
0
0
0
0
0
6.25783
9.88469
7.89673
0.546763
0.520246
0.420682
0.497297
0.497297
0
0
0
0
0
0
0
0
0
0
0
0
0
0
0.497297
0.497297
5.14833
8.50394
8.66729
5.41503
0.329359
0
0.420682
0.500231
0.420682
5.92847
5.45117
5.92847
0
0
0
0
0
0
5.37529
6.10363
1.65331
2.03409
2.09215
3.83993
3.56413
3.97838
3.97838
0
0
0
0
0
0
0
0
0
0
0
0
0
0
0
0
0
0
0
0
0
0
0
0
0
0
0
0
0
0
0
0
0
0
0
0
0
0
0
0
0
0
0
0
0
0
0
0
0
6.25783
9.88469
7.89673
0.497297
0.420682
0.546763
0.546763
0.420682
0
0
0
0
0
0
0
0
0
0
0
0
0
0
0.497297
0.497297
5.59911
7.25758
7.45016
5.90089
0
0
0.329359
0.302842
0.329359
0
0
0
0
0
0
0
0
0
5.37529
6.18287
1.61469
2.30939
2.19337
3.97838
3.97838
3.97838
3.97838
0
0
0
0
0
0
0
0
0
0
0
0
0
0
0
0
0
0
0
0
0
0
0
0
0
0
0
0
0
0
0
0
0
0
0
0
0
0
0
0
0
0
0
0
0
0
0
0
0
7.99296
9.88469
6.22078
0.497297
0.329359
0.420682
0.420682
0.329359
0
0
0
0
0
0
0
0
0
0
0
0
0
0
0.420682
0.546763
0.497297
0.520247
0.470781
0.329359
0
0
0
0
0
0
0
0
0
0
0
0.329359
0.420682
0.497297
5.5552
6.04781
2.29599
2.64274
1.90312
3.97838
3.97838
3.97838
3.97838
0
0
0
0
0
0
0
0
0
0
0
0
0
0
0
0
0
0
0
0
0
0
0
0
0
0
0
0
0
0
0
0
0
0
0
0
0
0
0
0
0
0
0
0
0
0
0
0
0
9.28449
9.34131
0.546763
0.420682
0
0
0
0
0
0
0
0
0
0.329359
0.302843
0.329359
0
0
0.329359
0.420682
0.497297
0.420682
0.523814
0.520247
0.55033
0.520247
0.447199
0
0.329359
0.420682
0.497297
0.420682
0.329359
0
0
0
0
0
0.329359
0.470781
0.520247
1.25181
5.55094
5.36657
2.47356
2.88958
1.6468
3.97838
3.97838
3.97838
3.97838
0
0
0
0
0
0
0
0
0
0
0
0
0
0
0
0
0
0
0
0
0
0
0
0
0
0
0
0
0
0
0
0
0
0
0
0
0
0
0
0
0
0
0
0
0
0
0
0
0
8.31538
8.80533
2.89951
2.62075
2.48649
2.48649
2.48649
2.48649
2.48649
2.48649
2.48649
2.48649
2.33364
2.30939
2.28287
2.43398
2.48649
2.48649
2.43398
2.57501
2.48278
2.57501
2.37514
2.57501
2.64775
2.86719
2.92818
2.98378
2.92818
2.86719
2.8004
2.86719
2.92818
2.98378
2.98378
3.18286
3.32373
3.48108
3.42328
3.2668
3.76433
4.1598
6.42319
5.56914
3.28058
2.52409
0
3.81965
3.91523
3.83568
3.47152
0
0
0
0
0
0
0
0
0
0
0
0
0
0
0
0
0
0
0
0
0
0
0
0
0
0
0
0
0
0
0
0
0
0
0
0
0
0
0
0
0
0
0
0
0
0
0
0
0
7.27432
7.49269
2.86719
2.8004
2.8004
2.70079
2.62075
2.62075
2.70079
2.8004
2.8004
2.8004
2.76629
2.61622
2.64274
2.64775
2.8004
2.70079
2.57501
2.48278
2.37514
2.57501
2.48278
2.57501
2.43398
2.68764
2.82829
2.98378
2.82829
2.68764
2.48649
2.68764
2.9602
3.19396
3.29332
3.36079
3.42328
3.48108
3.45356
3.3913
3.84772
5.568
6.02262
5.01033
2.52409
1.97616
0
3.53123
3.86105
3.64892
2.77213
0
0
0
0
0
0
0
0
0
0
0
0
0
0
0
0
0
0
0
0
0
0
0
0
0
0
0
0
0
0
0
0
0
0
0
0
0
0
0
0
0
0
0
0
0
0
0
0
0
5.96756
6.09205
0.420682
0.497297
0.497297
0.520246
0.520247
0.520247
0.520246
0.497297
0.497297
4.15543
3.94563
4.23732
0.735991
0.497297
0.497297
0.520246
0.520246
0.47078
0.447199
0.420682
0.497297
0.602935
0.602935
0.420682
0.329359
6.70552e-07
6.70552e-07
0.658718
0.841364
0.994594
0.970687
1.14127
1.21239
1.24139
1.15175
3.62413
3.3294
3.55804
3.44569
4.44028
3.63403
2.30552
0
0
0
2.76693
3.16031
2.8156
1.31744
0
0
0
0
0
0
0
0
0
0
0
0
0
0
0
0
0
0
0
0
0
0
0
0
0
0
0
0
0
0
0
0
0
0
0
0
0
0
0
0
0
0
0
0
0
0
0
0
0
5.96756
5.96756
6.70552e-07
6.70552e-07
6.70552e-07
0.329359
0.420682
0.420682
0.329359
6.70552e-07
6.70552e-07
3.63411
4.9069
3.63411
6.70552e-07
6.70552e-07
6.70552e-07
0.329359
0.302843
0.329359
6.70552e-07
6.70552e-07
0.329359
0.709474
1.06049
1.26962
1.31508
1.21239
0.994594
1.47198
1.49321
1.4391
1.0263
3.60796
4.4435
4.33566
3.49295
3.27491
4.21578
3.11205
4.09311
4.75103
2.63487
0
0
0
0
1.97616
1.81706
1.97616
0
0
0
0
0
0
0
0
0
0
0
0
0
0
0
0
0
0
0
0
0
0
0
0
0
0
0
0
0
0
0
0
0
0
0
0
0
0
0
0
0
0
0
0
0
0
0
0
0
0
5.96756
5.96756
6.70552e-07
6.70552e-07
6.70552e-07
6.70552e-07
6.70552e-07
6.70552e-07
6.70552e-07
6.70552e-07
6.70552e-07
3.95231
3.63411
3.95231
6.70552e-07
6.70552e-07
6.70552e-07
6.70552e-07
6.70552e-07
6.70552e-07
6.70552e-07
6.70552e-07
0.693033
0.90695
0.887881
1.07024
1.1943
1.12523
0.994594
1.23658
1.26733
0.914397
0.576418
3.13856
4.75727
4.61331
2.9098
3.24486
3.03365
4.40924
5.03614
3.78614
0
0
0
0
0
0
0
0
0
0
0
0
0
0
0
0
0
0
0
0
0
0
0
0
0
0
0
0
0
0
0
0
0
0
0
0
0
0
0
0
0
0
0
0
0
0
0
0
0
0
0
0
0
0
0
0
0
0
5.96756
5.96756
6.70552e-07
6.70552e-07
6.70552e-07
6.70552e-07
6.70552e-07
6.70552e-07
6.70552e-07
6.70552e-07
6.70552e-07
6.70552e-07
6.70552e-07
6.70552e-07
6.70552e-07
6.70552e-07
6.70552e-07
6.70552e-07
6.70552e-07
6.70552e-07
6.70552e-07
0.329359
0.854396
0.854396
0.517297
0.420682
0.420682
0.329359
6.70552e-07
0.693033
0.693033
1.05281
0.862424
3.42956
4.12098
4.01481
3.24725
0.329359
6.70552e-07
4.19033
5.0984
2.96423
0.988078
0.908528
0.988078
0
0
0
0
0
0
0
0
0
0
0
0
0
0
0
0
0
0
0
0
0
0
0
0
0
0
0
0
0
0
0
0
0
0
0
0
0
0
0
0
0
0
0
0
0
0
0
0
0
0
0
0
0
0
0
5.96756
5.96756
6.70552e-07
6.70552e-07
6.70552e-07
6.70552e-07
6.70552e-07
6.70552e-07
6.70552e-07
6.70552e-07
6.70552e-07
6.70552e-07
6.70552e-07
6.70552e-07
6.70552e-07
6.70552e-07
6.70552e-07
6.70552e-07
6.70552e-07
0.329359
0.420682
0.520246
0.756358
0.746066
0.497297
0.497297
0.497297
0.497297
0.420682
0.517297
0.658718
0.959983
0.853173
3.5041
3.14032
3.40874
0.685235
0.497297
3.43401
4.93592
4.87606
3.62295
1.26205
1.5007
1.26205
0
0
0
0
0
0
0
0
0
0
0
0
0
0
0
0
0
0
0
0
0
0
0
0
0
0
0
0
0
0
0
0
0
0
0
0
0
0
0
0
0
0
0
0
0
0
0
0
0
0
0
0
0
0
0
5.96756
5.96756
6.70552e-07
6.70552e-07
6.70552e-07
6.70552e-07
6.70552e-07
6.70552e-07
6.70552e-07
6.70552e-07
6.70552e-07
6.70552e-07
6.70552e-07
6.70552e-07
6.70552e-07
6.70552e-07
6.70552e-07
6.70552e-07
6.70552e-07
0.302843
0.523813
0.497297
0.517297
0.420682
0.497297
0.497297
0.497297
0.497297
0.546763
3.43401
3.30284
3.73432
0.990687
4.63118
5.22214
4.53585
0.497297
0.497297
3.30618
5.09345
5.52233
5.33117
4.01578
2.04092
1.49189
0
0
0
0
0
0
0
0
0
0
0
0
0
0
0
0
0
0
0
0
0
0
0
0
0
0
0
0
0
0
0
0
0
0
0
0
0
0
0
0
0
0
0
0
0
0
0
0
0
0
0
0
0
0
1.31744
5.80793
5.40066
6.70552e-07
6.70552e-07
6.70552e-07
6.70552e-07
6.70552e-07
6.70552e-07
6.70552e-07
6.70552e-07
6.70552e-07
6.70552e-07
6.70552e-07
6.70552e-07
6.70552e-07
6.70552e-07
6.70552e-07
6.70552e-07
6.70552e-07
0.329359
0.47078
0.47078
0.329359
6.70552e-07
6.70552e-07
6.70552e-07
6.70552e-07
6.70552e-07
0.420682
3.3327
4.55315
3.61715
0.746066
4.7582
5.43206
4.6275
6.70552e-07
6.70552e-07
3.62295
3.33127
5.0878
4.90029
4.95333
3.25357
1.26205
0
0
0
0
0
0
0
0
0
0
0
0
0
0
0
0
0
0
0
0
0
0
0
0
0
0
0
0
0
0
0
0
0
0
0
0
0
0
0
0
0
0
0
0
0
0
0
0
0
0
0
0
0
0
1.92964
5.6008
4.72376
6.70552e-07
6.70552e-07
6.70552e-07
0.329359
0.302843
0.329359
6.70552e-07
6.70552e-07
6.70552e-07
0.329359
0.420682
0.420682
0.329359
0.329359
0.302843
0.447199
0.420682
0.497297
0.546763
0.523813
0.302843
6.70552e-07
6.70552e-07
6.70552e-07
6.70552e-07
6.70552e-07
0.329359
3.60037
3.48051
3.90883
1.96308
4.24238
3.78431
4.05709
1.98919
1.98919
1.98919
1.98919
2.41001
3.18031
4.63351
3.23084
0.988078
0
0
0
0
0
0
0
0
0
0
0
0
0
0
0
0
0
0
0
0
0
0
0
0
0
0
0
0
0
0
0
0
0
0
0
0
0
0
0
0
0
0
0
0
0
0
0
0
0
0
0
0
0
0
1.90312
5.4477
4.6569
0.497297
0.497297
0.497297
0.735991
0.709474
0.735991
0.497297
0.497297
0.497297
1.01459
1.03398
1.06049
0.880913
0.709474
0.735991
0.520247
0.719549
0.658718
0.685235
0.420682
0.329359
1.31744
1.68273
2.19337
2.5485
2.66113
2.68764
2.68764
2.9602
3.1493
3.20501
3.12668
2.8382
2.80463
2.56575
2.46595
2.30939
2.30939
2.72094
2.66338
4.24043
3.4113
0
0
0
0
0
0
0
0
0
0
0
0
0
0
0
0
0
0
0
0
0
0
0
0
0
0
0
0
0
0
0
0
0
0
0
0
0
0
0
0
0
0
0
0
0
0
0
0
0
0
0
0
0
0
0
1.6468
4.93393
4.94133
2.8004
2.8004
2.8004
2.66113
2.68764
2.66113
2.8004
2.8004
2.8004
2.65668
2.5093
2.5093
2.61622
2.66113
2.68764
2.59424
2.57501
2.43398
2.43398
2.48649
2.48649
2.50526
2.44843
2.70319
3.81286
3.95841
4.13849
3.5876
3.61741
3.49032
2.96166
2.22797
1.46562
1.56575
1.78879
1.67274
1.54624
1.3416
1.24139
1.06049
2.55007
2.33364
0
0
0
0
0
0
0
0
0
0
0
0
0
0
0
0
0
0
0
0
0
0
0
0
0
0
0
0
0
0
0
0
0
0
0
0
0
0
0
0
0
0
0
0
0
0
0
0
0
0
0
0
0
0
0
0
4.14641
4.35589
2.48649
2.48649
2.48649
2.33364
2.36016
2.33364
2.48649
2.48649
2.48649
2.21476
2.08793
2.06142
2.30287
2.57501
2.64775
2.95048
2.77262
2.82565
2.79914
2.92396
2.95048
2.3864
2.98132
2.68022
3.05435
2.72293
2.66113
2.5093
2.39158
2.21449
2.21449
2.21449
2.21449
2.21449
2.39158
2.533
2.67427
2.68319
2.20298
1.71274
2.20948
2.19337
0
0
0
0
0
0
0
0
0
0
0
0
0
0
0
0
0
0
0
0
0
0
0
0
0
0
0
0
0
0
0
0
0
0
0
0
0
0
0
0
0
0
0
0
0
0
0
0
0
0
0
0
0
0
0
0
2.98378
2.98378
3.35276e-07
3.35276e-07
3.35276e-07
3.35276e-07
3.35276e-07
3.35276e-07
3.35276e-07
3.35276e-07
3.35276e-07
3.35276e-07
3.35276e-07
3.35276e-07
1.96433
2.50008
2.8004
2.76629
2.76629
2.76629
2.76629
2.76629
2.76629
2.8004
2.96406
2.78516
2.19743
1.59227
1.26205
1.49189
1.49189
1.49189
1.49189
1.49189
1.49189
1.49189
1.49189
1.70089
1.84042
1.98919
2.18705
1.68273
1.98919
1.98919
0
0
0
0
0
0
0
0
0
0
0
0
0
0
0
0
0
0
0
0
0
0
0
0
0
0
0
0
0
0
0
0
0
0
0
0
0
0
0
0
0
0
0
0
0
0
0
0
0
0
0
0
0
0
0
0
2.52409
3.12148
1.97616
3.35276e-07
3.35276e-07
3.35276e-07
3.35276e-07
3.35276e-07
3.35276e-07
3.35276e-07
3.35276e-07
3.35276e-07
3.35276e-07
0.329359
2.47356
2.98148
2.48649
2.33364
2.36016
2.33364
2.33364
2.36016
2.33364
2.48649
2.10341
1.6468
0
0
0
0
0
0
0
0
0
0
0
0
0
0.988078
1.98919
1.68228
1.98919
1.98919
0
0
0
0
0
0
0
0
0
0
0
0
0
0
0
0
0
0
0
0
0
0
0
0
0
0
0
0
0
0
0
0
0
0
0
0
0
0
0
0
0
0
0
0
0
0
0
0
0
0
0
0
0
0
0
0
1.97616
3.12148
2.52409
3.35276e-07
3.35276e-07
3.35276e-07
3.35276e-07
3.35276e-07
3.35276e-07
3.35276e-07
3.35276e-07
3.35276e-07
3.35276e-07
0.693033
2.8382
2.5485
0
0
0
0
0
0
0
0
0
0
0
0
0
0
0
0
0
0
0
0
0
0
0
1.26205
1.82125
1.31613
1.91239
1.84042
0
0
0
0
0
0
0
0
0
0
0
0
0
0
0
0
0
0
0
0
0
0
0
0
0
0
0
0
0
0
0
0
0
0
0
0
0
0
0
0
0
0
0
0
0
0
0
0
0
0
0
0
0
0
0
0
0
2.52409
3.12148
1.97616
3.35276e-07
3.35276e-07
3.35276e-07
3.35276e-07
3.35276e-07
3.35276e-07
3.35276e-07
3.35276e-07
3.35276e-07
2.00267
2.91206
1.92964
0
0
0
0
0
0
0
0
0
0
0
0
0
0
0
0
0
0
0
0
0
0
0
1.94308
2.06222
1.71512
1.9389
1.51272
0
0
0
0
0
0
0
0
0
0
0
0
0
0
0
0
0
0
0
0
0
0
0
0
0
0
0
0
0
0
0
0
0
0
0
0
0
0
0
0
0
0
0
0
0
0
0
0
0
0
0
0
0
0
0
0
0
1.97616
2.82468
2.82468
1.97616
3.35276e-07
3.35276e-07
3.35276e-07
3.35276e-07
3.35276e-07
3.35276e-07
3.35276e-07
3.35276e-07
2.5412
2.95216
1.31744
0
0
0
1.6468
1.51421
2.23599
2.10341
2.10341
1.6468
0
0
0
0
0
0
0
0
0
0
0
0
0
0
2.44192
2.62504
2.4181
1.26205
0.988078
0
0
0
0
0
0
0
0
0
0
0
0
0
0
0
0
0
0
0
0
0
0
0
0
0
0
0
0
0
0
0
0
0
0
0
0
0
0
0
0
0
0
0
0
0
0
0
0
0
0
0
0
0
0
0
0
0
0
1.97616
3.12148
2.52409
3.35276e-07
3.35276e-07
3.35276e-07
3.35276e-07
3.35276e-07
3.35276e-07
3.35276e-07
3.35276e-07
2.98378
2.98378
0
0
0
0
2.34792
2.71915
2.77388
2.75165
2.61907
1.51421
0
0
0
0
0
0
0
0
0
0
0
1.97616
2.52409
2.98378
3.07013
3.0752
2.66113
0
0
0
0
0
0
0
0
0
0
0
0
0
0
0
0
0
0
0
0
0
0
0
0
0
0
0
0
0
0
0
0
0
0
0
0
0
0
0
0
0
0
0
0
0
0
0
0
0
0
0
0
0
0
0
0
0
0
0
0
0
2.98378
2.98378
3.35276e-07
3.35276e-07
3.35276e-07
3.35276e-07
3.35276e-07
3.35276e-07
3.35276e-07
3.35276e-07
2.52409
3.28058
2.98378
2.98378
2.98378
2.98378
3.17846
3.04588
2.82468
2.66782
2.93298
3.15535
2.98378
2.98378
2.98378
2.98378
2.82829
2.85481
2.82829
2.98378
2.98378
2.98378
2.98378
3.12148
3.0724
2.89371
2.41291
2.89682
2.5485
0
0
0
0
0
0
0
0
0
0
0
0
0
0
0
0
0
0
0
0
0
0
0
0
0
0
0
0
0
0
0
0
0
0
0
0
0
0
0
0
0
0
0
0
0
0
0
0
0
0
0
0
0
0
0
0
0
0
0
0
0
2.52409
3.28058
2.98378
2.98378
2.98378
2.98378
2.98378
2.98378
2.98378
2.98378
3.28058
3.28058
3.30198
3.30198
3.30198
3.30198
3.28058
3.43968
3.0724
3.34097
3.20838
3.30198
3.30198
3.30198
3.30198
3.30198
3.17301
3.06694
3.17301
3.30198
3.30198
3.30198
3.30198
3.28058
3.20498
2.86719
2.66113
2.76719
1.92964
0
0
0
0
0
0
0
0
0
0
0
0
0
0
0
0
0
0
0
0
0
0
0
0
0
0
0
0
0
0
0
0
0
0
0
0
0
0
0
0
0
0
0
0
0
0
0
0
0
0
0
0
0
0
0
0
0
0
0
0
0
1.97616
2.52409
2.98378
2.98378
2.98378
2.98378
2.98378
2.98378
2.98378
2.98378
2.98378
2.98378
2.98378
2.98378
2.98378
2.98378
2.98378
2.98378
2.98378
2.98378
2.98378
2.98378
2.98378
2.98378
2.98378
2.98378
2.82829
2.85481
2.82829
2.98378
2.98378
2.98378
2.98378
2.98378
2.82829
2.68764
2.33364
1.92964
1.31744
0
0
0
0
0
0
0
0
0
0
0
0
0
0
0
0
0
0
0
0
0
0
0
0
0
0
0
0
0
0
0
0
0
0
0
0
0
0
0
0
0
0
0
0
0
0
0
0
0
0
0
0
0
0
0
0
0
0
0
0
0
0
0
0
0
0
0
0
0
0
0
0
0
0
0
0
0
0
0
0
0
0
0
0
0
0
0
0
0
0
0
0
0
0
0
0
0
0
0
0
0
0
0
0
0
0
0
0
0
0
0
0
0
0
0
0
0
0
0
0
0
0
0
0
0
0
0
0
0
0
0
0
0
0
0
0
0
0
0
0
0
0
0
0
0
0
0
0
0
0
0
0
0
0
0
0
0
0
0
0
0
0
0
0
0
0
0
0
0
0
0
0
0
0
0
0
0
0
0
0
0
0
0
0
0
0
0
0
0
0
0
0
0
0
0
0
0
0
0
0
0
0
0
0
0
0
0
0
0
0
0
0
0
0
0
0
0
0
0
0
0
0
0
0
0
0
0
0
0
0
0
0
0
0
0
0
0
0
0
0
0
0
0
0
0
0
0
0
0
0
0
0
0
0
0
0
0
0
0
0
0
0
0
0
0
0
0
0
0
0
0
0
0
0
0
0
0
0
0
0
0
0
0
0
0
0
0
0
0
0
0
0
0
0
0
0
0
0
0
0
0
0
0
0
0
0
0
0
0
0
0
0
0
0
0
0
0
0
0
0
0
0
0
0
0
0
0
0
0
0
0
0
0
0
0
0
0
0
0
0
0
0
0
0
0
0
0
0
0
0
0
0
0
0
0
0
0
0
0
0
0
0
0
0
0
0
0
0
0
0
0
0
0
0
0
0
0
0
0
0
0
0
0
0
0
0
0
0
0
0
0
0
0
0
0
0
0
0
0
0
0
0
0
0
0
0
0
0
0
0
0
0
0
0
0
0
0
0
0
0
0
0
0
0
0
0
0
0
0
0
0
0
0
0
0
0
0
0
0
0
0
0
0
0
0
0
0
0
0
0
0
0
0
0
0
0
0
0
0
0
0
0
0
0
0
0
0
0
0
0
0
0
0
0
0
0
0
0
0
0
0
0
0
0
0
0
0
0
0
0
0
0
0
0
0
0
0
0
0
0
0
0
0
0
0
0
0
0
0
0
0
0
0
0
0
0
0
0
0
0
0
0
0
0
0
0
0
0
0
0
0
0
0
0
0
0
0
0
0
0
0
0
0
0
0
0
0
0
0
0
0
0
0
0
0
0
0
0
0
0
0
0
0
0
0
0
0
0
0
0
0
0
0
0
0
0
0
0
0
0
0
0
0
0
0
0
0
0
0
0
0
0
0
0
0
0
0
0
0
0
0
0
0
0
0
0
0
0
0
0
0
0
0
0
0
0
0
0
0
0
0
0
0
0
0
0
0
0
0
0
0
0
0
0
0
0
0
0
0
0
0
0
0
0
0
0
0
0
0
0
0
0
0
0
0
0
0
0
0
0
0
0
0
0
0
0
0
0
0
0
0
0
0
0
0
0
0
0
0
0
0
0
0
0
0
0
0
0
0
0
0
0
0
0
0
0
0
0
0
0
0
0
0
0
0
0
0
0
0
0
0
0
0
0
0
0
0
0
0
0
0
0
0
0
0
0
0
0
0
0
0
0
0
0
0
0
0
0
0
0
0
0
0
0
0
0
0
0
0
0
0
0
0
0
0
0
0
0
0
0
0
0
0
0
0
0
0
0
0
0
0
0
0
0
0
0
0
0
0
0
0
0
0
0
0
0
0
0
0
0
0
0
0
0
0
0
0
0
0
0
0
0
0
0
0
0
0
0
0
0
0
0
0
0
0
0
0
0
0
0
0
0
0
0
0
0
0
0
0
0
0
0
0
0
0
0
0
0
0
0
0
0
0
0
0
0
0
0
0
0
0
0
0
0
0
0
0
0
0
0
0
0
0
0
0
0
0
0
0
0
0
0
0
0
0
0
0
0
0
0
0
0
0
0
0
0
0
0
0
0
0
0
0
0
0
0
0
0
0
0
0
0
0
0
0
0
0
0
0
0
0
0
0
0
0
0
0
0
0
0
0
0
0
0
0
0
0
0
0
0
0
0
0
0
0
0
0
0
0
0
0
0
0
0
0
0
0
0
0
0
0
0
0
0
0
0
0
0
0
0
0
0
0
0
0
0
0
0
0
0
0
0
0
0
0
0
0
0
0
0
0
0
0
0
0
0
0
0
0
0
0
0
0
0
0
0
0
0
0
0
0
0
0
0
0
0
0
0
0
0
0
0
0
0
0
0
0
0
0
0
0
0
0
0
0
0
0
0
0
0
0
0
0
0
0
0
0
0
0
0
0
0
0
0
0
0
0
0
0
0
0
0
0
0
0
0
0
0
0
0
0
0
0
0
0
0
0
0
0
0
0
0
0
0
0
0
0
0
0
0
0
0
0
0
0
0
0
0
0
0
0
0
0
0
0
0
0
0
0
0
0
0
0
0
0
0
0
0
0
0
0
0
0
0
0
0
0
0
0
0
0
0
0
0
0
0
0
0
0
0
0
0
0
0
0
0
0
0
0
0
0
0
0
0
0
0
0
0
0
0
0
0
0
0
0
0
0
0
0
0
0
0
0
0
0
0
0
0
0
0
0
0
0
0
0
0
0
0
0
0
0
0
0
0
0
0
0
0
0
0
0
0
0
0
0
0
0
0
0
0
0
0
0
0
0
0
0
0
0
0
0
0
0
0
0
0
0
0
0
0
0
0
0
0
0
0
0
0
0
0
0
0
0
0
0
0
0
0
0
0
0
0
0
0
0
0
0
0
0
0
0
0
0
0
0
0
0
0
0
0
0
0
0
0
0
0
0
0
0
0
0
0
0
0
0
0
0
0
0
0
0
0
0
0
0
0
0
0
0
0
0
0
0
0
0
0
0
0
0
0
0
0
0
0
0
0
0
0
0
0
0
0
0
0
0
0
0
0
0
0
0
0
0
0
0
0
0
0
0
0
0
0
0
0
0
0
0
0
0
0
0
0
0
0
0
0
0
0
0
0
0
0
0
0
0
0
0
0
0
0
0
0
0
0
0
0
0
0
0
0
0
0
0
0
0
0
0
0
0
0
0
0
0
0
0
0
0
0
0
0
0
0
0
0
0
0
0
0
0
0
0
0
0
0
0
0
0
0
0
0
0
0
0
0
0
0
0
0
0
0
0
0
0
0
0
0
0
0
0
0
0
0
0
0
0
0
0
0
0
0
0
0
0
0
0
0
0
0
0
0
0
0
0
0
0
0
0
0
0
0
0
0
0
0
0
0
0
0
0
0
0
0
0
0
0
0
0
0
0
0
0
0
0
0
0
0
0
0
0
0
0
0
0
0
0
0
0
0
0
0
0
0
0
0
0
0
0
0
0
0
0
0
0
0
0
0
0
0
0
0
0
0
0
0
0
0
0
0
0
0
0
0
0
0
0
0
0
0
0
0
0
0
0
0
0
0
0
0
0
0
0
0
0
0
0
0
0
0
0
0
0
0
0
0
0
0
0
0
0
0
0
0
0
0
0
0
0
0
0
0
0
0
0
0
0
0
0
0
0
0
0
0
0
0
0
0
0
0
0
0
0
0
0
0
0
0
0
0
0
0
0
0
0
0
0
0
0
0
0
0
0
0
0
0
0
0
0
0
0
0
0
0
0
0
0
0
0
0
0
0
0
0
0
0
0
0
0
0
0
0
0
0
0
0
0
0
0
0
0
0
0
0
0
0
0
0
0
0
0
0
0
0
0
0
0
0
0
0
0
0
0
0
0
0
0
0
0
0
0
0
0
0
0
0
0
0
0
0
0
0
0
0
0
0
0
0
0
0
0
0
0
0
0
0
0
0
0
0
0
0
0
0
0
0
0
0
0
0
0
0
0
0
0
0
0
0
0
0
0
0
0
0
0
0
0
0
0
0
0
0
0
0
0
0
0
0
0
0
0
0
0
0
0
0
0
0
0
0
0
0
0
0
0
0
0
0
0
0
0
0
0
0
0
0
0
0
0
0
0
0
0
0
0
0
0
0
0
0
0
0
0
0
0
0
0
0
0
0
0
0
0
0
0
0
0
0
0
0
0
0
0
0
0
0
0
0
0
0
0
0
0
0
0
0
0
0
0
0
0
0
0
0
0
0
0
0
0
0
0
0
0
0
0
0
0
0
0
0
0
0
0
0
0
0
0
0
0
0
0
0
0
0
0
0
0
0
0
0
0
0
0
0
0
0
0
0
0
0
0
0
0
0
0
0
0
0
0
0
0
0
0
0
0
0
0
0
0
0
0
0
0
0
0
0
0
0
0
0
0
0
0
0
0
0
0
0
0
0
0
0
0
0
0
0
0
0
0
0
0
0
0
0
0
0
0
0
0
0
0
0
0
0
0
0
0
0
0
0
0
0
0
0
0
0
0
0
0
0
0
0
0
0
0
0
0
0
0
0
0
0
0
0
0
0
0
0
0
0
0
0
0
0
0
0
0
0
0
0
0
0
0
0
0
0
0
0
0
0
0
0
0
0
0
0
0
0
0
0
0
0
0
0
0
0
0
0
0
0
0
0
0
0
0
0
0
0
0
0
0
0
0
0
0
0
0
0
0
0
0
0
0
0
0
0
0
0
0
0
0
0
0
0
0
0
0
0
0
0
0
0
0
0
0
0
0
0
0
0
0
0
0
0
0
0
0
0
0
0
0
0
0
0
0
0
0
0
0
0
0
0
0
0
0
0
0
0
0
0
0
0
0
0
0
0
0
0
0
0
0
0
0
0
0
0
0
0
0
0
0
0
0
0
0
0
0
0
0
0
0
0
0
0
0
0
0
0
0
0
0
0
0
0
0
0
0
0
0
0
0
0
0
0
0
0
0
0
0
0
0
0
0
0
0
0
0
0
0
0
0
0
0
0
0
0
0
0
0
0
0
0
0
0
0
0
0
0
0
0
0
0
0
0
0
0
0
0
0
0
0
0
0
0
0
0
0
0
0
0
0
0
0
0
0
0
0
0
0
0
0
0
0
0
0
0
0
0
0
0
0
0
0
0
0
0
0
0
0
0
0
0
0
0
0
0
0
0
0
0
0
0
0
0
0
0
0
0
0
0
0
0
0
0
0
0
0
0
0
0
0
0
0
0
0
0
0
0
0
0
0
0
0
0
0
0
0
0
0
0
0
0
0
0
0
0
0
0
0
0
0
0
0
0
0
0
0
0
0
0
0
0
0
0
0
0
0
0
0
0
0
0
0
0
0
0
0
0
0
0
0
0
0
0
0
0
0
0
0
0
0
0
0
0
0
0
0
0
0
0
0
0
0
0
0
0
0
0
0
0
0
0
0
0
0
0
0
0
0
0
0
0
0
0
0
0
0
0
0
0
0
0
0
0
0
0
0
0
0
0
0
0
0
0
0
0
0
0
0
0
0
0
0
0
0
0
0
0
0
0
0
0
0
0
0
0
0
0
0
0
0
0
0
0
0
0
0
0
0
0
0
0
0
0
0
0
0
0
0
0
0
0
0
0
0
0
0
0
0
0
0
0
0
0
0
0
0
0
0
0
0
0
0
0
0
0
0
0
0
0
0
0
0
0
0
0
0
0
0
0
0
0
0
0
0
0
0
0
0
0
0
0
0
0
0
0
0
0
0
0
0
0
0
0
0
0
0
0
0
0
0
0
0
0
0
0
0
0
0
0
0
0
0
0
0
0
0
0
0
0
0
0
0
0
0
0
0
0
0
0
0
0
0
0
0
0
0
0
0
0
0
0
0
0
0
0
0
0
0
0
0
0
0
0
0
0
0
0
0
0
0
0
0
0
0
0
0
0
0
0
0
0
0
0
0
0
0
0
0
0
0
0
0
0
0
0
0
0
0
0
0
0
0
0
0
0
0
0
0
0
0
0
0
0
0
0
0
0
0
0
0
0
0
0
0
0
0
0
0
0
0
0
0
0
0
0
0
0
0
0
0
0
0
0
0
0
0
0
0
0
0
0
0
0
0
0
0
0
0
0
0
0
0
0
0
0
0
0
0
0
0
0
0
0
0
0
0
0
0
0
0
0
0
0
0
0
0
0
0
0
0
0
0
0
0
0
0
0
0
0
0
0
0
0
0
0
0
0
0
0
0
0
0
0
0
0
0
0
0
0
0
0
0
