0
0
0
0
0
0
0
0
0
0
0
0
0
0
0
0
0
0
0
0
0
0
0
0
0
0
0
0
0
0
0
0
0
0
0
0
0
0
0
0
0
0
0
0
0
0
0
0
0
0
0
0
0
0
0
0
0
0
0
0
0
0
0
0
0
0
0
0
0
0
0
0
0
0
0
0
0
0
0
0
0
0
0
0
0
0
0
0
0
0
0
0
0
0
0
0
0
0
0
0
0
0
0
0
0
0
0
1.26205
1.56074
0.988078
1.67638e-07
1.67638e-07
1.67638e-07
0.988078
0.908528
0.988078
0.988078
0.908528
0.988078
0.988078
1.26205
1.64029
1.26205
0
0
0
0
0
0
0
0
0
0
0
0
0
0
0
0
0
0
0
0
0
0
0
0
0
0
0
0
0
0
0
0
0
0
0
0
0
0
0
0
0
0
0
0
0
0
0
0
0
0
0
0
1.26205
1.64029
1.26205
1.3416
1.56074
1.26205
0
0
0
0
0
0
0
0
0
0
0
0
0
0
0
0
0
0
0
0
0
0
0
0
0
0
1.26205
1.56074
0.988078
1.67638e-07
1.67638e-07
1.67638e-07
1.67638e-07
1.67638e-07
1.67638e-07
1.67638e-07
1.67638e-07
1.67638e-07
1.67638e-07
1.67638e-07
1.49189
1.49189
0
0
0
0
0
0
0
0
0
0
0
0
0
0
0
0
0
0
0
0
0
0
0
0
0
0
0
0
0
0
0
0
0
0
0
0
0
0
0
0
0
0
0
0
0
0
0
0
0
0
0
0
0.988078
1.56074
1.26205
1.26205
1.56074
0.988078
0
0
0
0
0
0
0
0
0
0
0
0
0
0
0
0
0
0
0
0
0
0
0.988078
1.26205
1.49189
1.49189
1.64029
1.57144
0.908528
1.67638e-07
1.67638e-07
1.67638e-07
1.67638e-07
1.67638e-07
1.67638e-07
1.67638e-07
1.67638e-07
1.67638e-07
1.67638e-07
0.988078
1.56074
1.26205
0
0
0
0
0
0
0
0
0
0
0
0
0
0
0
0
0
0
0
0
0
0
0
0
0
0
0
0
0
0
0
0
0
0
0
0
0
0
0
0
0
0
0
0
0
0
0
0
0
0
0
0
0.988078
1.56074
1.26205
1.49189
1.49189
0
0
0
0
0
0
0
0
0
0
0
0
0
0
0
0
0
0
0
0
0
0
0
1.26205
1.64029
1.49189
1.49189
1.49189
1.26205
0.988078
1.67638e-07
1.67638e-07
1.67638e-07
1.67638e-07
1.67638e-07
1.67638e-07
1.67638e-07
1.67638e-07
1.67638e-07
1.67638e-07
0.908528
1.57144
1.49189
0.988078
0
0
0
0
0
0
0
0
0
0
0
0
0
0
0
0
0
0
0
0
0
0
0
0
0
0
0
0
0
0
0
0
0
0
0
0
0
0
0
0
0
0
0
0
0
0
0
0
0
0
0
0.908528
1.56074
1.3416
1.26205
1.56074
0.988078
0
0
0
0
0
0
0
0
0
0
0
0
0
0
0
0
0
0
0
0
0
0
1.49189
1.63675
0.420682
0.420682
0.329359
1.67638e-07
1.67638e-07
1.67638e-07
1.67638e-07
1.67638e-07
1.67638e-07
1.67638e-07
1.67638e-07
1.67638e-07
1.67638e-07
1.67638e-07
1.67638e-07
0.988078
1.26205
1.64029
1.26205
0
0
0
0
0
0
0
0
0
0
0
0
0
0
0
0
0
0
0
0
0
0
0
0
0
0
0
0
0
0
0
0
0
0
0
0
0
0
0
0
0
0
0
0
0
0
0
0
0
0
0
0.988078
1.41234
1.56074
1.49189
1.64029
1.26205
0
0
0
0
0
0
0
0
0
0
0
0
0
0
0
0
0
0
0
0
1.26205
1.49189
1.64029
1.46669
0.546763
0.546763
0.420682
1.67638e-07
1.67638e-07
1.67638e-07
1.67638e-07
1.67638e-07
1.67638e-07
1.67638e-07
1.67638e-07
1.67638e-07
1.67638e-07
1.67638e-07
1.67638e-07
1.67638e-07
1.67638e-07
1.49189
1.49189
0
0
0
0
0
0
0
0
0
0
0
0
0
0
0
0
0
0
0
0
0
0
0
0
0
0
0
0
0
0
0
0
0
0
0
0
0
0
0
0
0
0
0
0
0
0
0
0
0
0
0
0
1.3416
1.56074
1.5007
1.56074
1.49189
0
0
0
0
0
0
0
0
0
0
0
0
0
0
0
0
0
0
0
0
1.64029
1.49189
1.26205
1.17602
0.546763
0.546763
0.420682
1.67638e-07
1.67638e-07
1.67638e-07
1.67638e-07
1.67638e-07
1.67638e-07
1.67638e-07
1.67638e-07
1.67638e-07
1.67638e-07
1.67638e-07
1.67638e-07
1.67638e-07
1.67638e-07
1.49189
1.49189
0
0
0
0
0
0
0
0
0
0
0
0
0
0
0
0
0
0
0
0
0
0
0
0
0
0
0
0
0
0
0
0
0
0
0
0
0
0
0
0
0
0
0
0
0
0
0
0
0
0
0
0
1.26205
1.64029
1.49189
1.64029
1.26205
0
0
0
0
0
0
0
0
0
0
0
0
0
0
0
0
0
0
0
0
1.49189
1.67638e-07
1.67638e-07
0.329359
0.420682
0.420682
0.329359
1.67638e-07
0.988078
0.908528
0.988078
1.67638e-07
1.67638e-07
1.67638e-07
1.67638e-07
1.67638e-07
1.67638e-07
1.67638e-07
1.67638e-07
1.67638e-07
1.67638e-07
1.49189
1.49189
0
0
0
0
0
0
0
0
0
0
0
0
0
0
0
0
0
0
0
0
0
0
0
0
0
0
0
0
0
0
0
0
0
0
0
0
0
0
0
0
0
0
6.25783
5.75401
6.25783
0
0
0
0
0
0
0
1.49189
1.49189
1.26205
1.56074
0.988078
0
0
0
0
0
0
0
0
0
0
0
0
0
0
0
0
0
0
0
0
1.26205
1.67638e-07
1.67638e-07
1.67638e-07
1.67638e-07
1.67638e-07
1.67638e-07
1.67638e-07
0.908528
1.22673
0.908528
1.67638e-07
1.67638e-07
1.67638e-07
1.67638e-07
1.67638e-07
1.67638e-07
1.67638e-07
1.67638e-07
1.67638e-07
0.988078
1.56074
1.26205
0
0
0
0
6.58718
8.41364
9.94594
9.94594
9.7816
9.80812
9.7816
9.94594
9.94594
9.94594
9.94594
9.94594
9.7816
9.64024
9.44864
7.99296
8.73346
8.41364
9.94594
9.94594
9.94594
9.94594
9.7816
9.64024
9.44864
9.44864
9.44864
9.44864
9.44864
9.44864
9.44864
9.64024
8.20313
8.73346
5.75401
6.25783
0
6.25783
8.94483
9.88469
8.94483
6.25783
0
0
0
0
0
0
1.49189
1.64029
1.56074
1.26205
0
0
0
0
0
0
0
0
0
0
0
0
0
0
0
0
0
0
0
0
0
0.988078
1.67638e-07
1.67638e-07
1.67638e-07
1.67638e-07
1.67638e-07
1.67638e-07
0.329359
1.08691
1.03388
0.988078
1.67638e-07
1.67638e-07
1.67638e-07
1.67638e-07
1.67638e-07
1.67638e-07
1.67638e-07
1.67638e-07
1.67638e-07
0.908528
1.56074
1.3416
0
0
0
0
8.41364
10.9353
9.94594
9.94594
9.83822
9.81171
9.795
9.87969
9.9062
9.9062
9.87969
9.9062
9.83822
9.64389
9.44864
9.88469
10.1163
10.3461
9.94594
9.94594
9.94594
9.94594
9.83822
9.64389
9.44864
9.44864
9.44864
9.44864
9.44864
9.44864
9.44864
9.64389
10.1959
10.1163
9.88469
9.88469
9.44864
9.88469
8.94483
8.49678
9.88469
7.99296
0
0
0
0
0
0
1.26205
1.57144
1.41234
0.988078
0
0
0
0
0
0
0
0
0
0
0
0
0
0
0
0
0
0
0
0
0
1.67638e-07
1.67638e-07
1.67638e-07
1.67638e-07
1.67638e-07
1.67638e-07
1.67638e-07
0.420682
0.500232
0.420682
1.67638e-07
0.988078
1.26205
1.26205
0.988078
1.67638e-07
1.67638e-07
0.988078
0.908528
0.988078
0.988078
1.56074
1.26205
0
0
0
6.58718
10.2704
8.34197
0.497297
0.497297
0.546763
0.520247
0.523814
0.520247
0.520247
0.520247
0.520247
0.520247
0.546763
0.420682
0
6.25783
5.94849
6.54933
0.420682
0.497297
0.497297
0.497297
0.546763
0.420682
0
0
0
0
0
0
0
0.420682
6.46698
5.88362
8.49678
7.99296
9.44864
7.97149
6.22984
0.329359
9.44864
9.44864
0
0
0
0
0
0
0.988078
0.908528
0.988078
0
0
0
0
0
0
0
0
0
0
0
0
0
0
0
0
0
0
0
0
0
0
1.67638e-07
1.67638e-07
1.67638e-07
1.67638e-07
1.67638e-07
1.67638e-07
1.67638e-07
0.420682
0.500232
0.420682
1.67638e-07
0.908528
1.57144
1.65099
1.26205
1.67638e-07
1.67638e-07
0.908528
1.22673
0.908528
1.67638e-07
1.49189
1.49189
0
0
0
8.41364
10.2587
6.48857
0.497297
0.497297
0.420682
0.447199
0.302843
0.447199
0.420682
0.420682
0.447199
0.420682
0.420682
0.329359
0
0
0.420682
0.523814
0.520247
0.497297
0.685235
0.658718
0.602935
0.517297
0.302842
0.329359
0
0
0.329359
0.420682
0.497297
0.685235
0.658718
0.685235
0.497297
0.497297
0.497297
0.520246
0.523813
0.420682
9.44864
9.44864
0
0
0
0
0
0
0
0
0
0
0
0
0
0
0
0
0
0
0
0
0
0
0
0
0
0
0
0
0
0
0
1.67638e-07
1.67638e-07
1.67638e-07
1.67638e-07
1.67638e-07
1.67638e-07
1.67638e-07
0.329359
0.302843
0.329359
1.67638e-07
0.988078
1.56074
1.64029
1.49189
0.988078
1.26205
1.64029
1.56074
1.49189
1.3416
1.56074
1.26205
0
0
0
9.7816
9.72344
0.420682
0
0
0
0
0
0
0
0
0
0
0
0
0
0
0.329359
0.302843
0.329359
0
0.302842
0.408908
0.420682
0.47078
0.523813
0.420682
0
0
0.420682
0.546763
0.497297
0.497297
0.497297
0.497297
0.497297
0.497297
0.497297
0.420682
0.546763
0.497297
9.44864
9.44864
0
0
0
0
0
0
0
0
0
0
0
0
0
0
0
0
0
0
0
0
0
0
0
0
0
0
0
0
0
0
0
1.67638e-07
1.67638e-07
1.67638e-07
1.67638e-07
1.67638e-07
1.67638e-07
1.67638e-07
1.67638e-07
1.67638e-07
1.67638e-07
1.67638e-07
1.67638e-07
1.49189
1.64029
1.64029
1.56074
1.56074
1.49189
1.49189
1.56074
1.56074
1.41234
0.988078
0
0
0
9.64024
9.54397
0.329359
0
0
0
0
0
0
0
0
0
0
0
0
0
0
0
0
0
0
0.329359
0.420682
0.520246
0.47078
0.497297
0.520246
0.329359
0.329359
0.520246
0.420682
0
0
0
0
0
0
0
0
0.497297
0.497297
9.44864
9.44864
0
0
0
0
0
0
0
0
0
0
0
0
0
0
0
0
0
0
0
0
0
0
0
0
0
0
0
0
0
0
0
1.67638e-07
1.67638e-07
1.67638e-07
1.67638e-07
1.67638e-07
1.67638e-07
1.67638e-07
1.67638e-07
1.67638e-07
1.67638e-07
1.67638e-07
1.67638e-07
1.49189
1.64029
1.26205
1.26205
0.988078
0
0
1.3416
1.1825
1.3416
0
0
0
0
7.99296
9.88469
8.49678
5.75401
6.25783
0
0
0
0
0
0
0
0
0
0
0
0
0
0
0
0
0
0.420682
0.520246
0.329359
6.01801
5.61996
6.19427
0.520246
0.47078
0.329359
0
0
0
0
0
0
0
0
0.420682
6.18661
9.82604
7.99296
0
0
0
0
0
0
0
0
0
0
0
0
0
0
0
0
0
0
0
0
0
0
0
0
0
0
0
0
0
0
0
1.49189
1.26205
0.988078
0.988078
0.908528
0.988078
1.67638e-07
1.67638e-07
1.67638e-07
1.67638e-07
1.67638e-07
0.988078
1.56074
1.26205
0
0
0
0
0
0.908528
1.22673
0.908528
0
0
0
0
6.25783
9.88469
8.94483
7.76927
5.75401
0
0
0
0
0
0
0
0
0
0
0
0
0
0
0
0
0
0.497297
0.546763
0.420682
5.64648
7.6185
5.6828
0.497297
0.329359
0
0
0
0
0
0
0
0
0
0.329359
5.64648
9.68577
8.49678
0
0
0
0
0
0
0
0
0
0
0
0
0
0
0
0
0
0
0
0
0
0
0
0
0
0
0
0
0
0
0
1.49189
1.56074
1.41234
1.49189
1.5007
1.26205
1.67638e-07
1.67638e-07
1.67638e-07
1.67638e-07
1.67638e-07
1.26205
1.56074
0.988078
0
0
0
0
0
0.988078
0.908528
0.988078
0
0
0
0
0
9.44864
10.3885
5.75401
6.25783
0
0
0
0
0
0
0
0
0
0
0
0
0
0
0
0
0
0.497297
0.546763
0.546763
6.22634
5.74905
6.19427
0.47078
0.329359
0.329359
0.302842
0.329359
0
0.329359
0.302842
0.329359
0
0
0.329359
6.09726
9.73881
7.99296
0
0
0
0
0
0
0
0
0
0
0
0
0
0
0
0
0
0
0
0
0
0
0
0
0
0
0
0
0
0
0
0
0.988078
1.41234
1.57144
1.56074
1.64029
1.49189
1.49189
1.49189
1.49189
1.49189
1.64029
1.26205
0
0
0
0
0
0
0
0
0
0
0
0
0
0
9.44864
9.44864
0
0
0
0
0
0
0
0
0
0
0
0
0
0
0
0
0
0
0
0.420682
0.500231
0.420682
0
0
0.329359
0.520246
0.420682
0.420682
0.500231
0.420682
0
0.420682
0.500231
0.420682
0
0
0.420682
0.520246
9.40914
9.44864
0
0
0
0
0
0
0
0
0
0
0
0
0
0
0
0
0
0
0
0
0
0
0
0
0
0
0
0
0
0
0
0
0
0.988078
0.908528
1.3416
1.26205
1.49189
1.49189
1.49189
1.49189
1.49189
1.26205
0.988078
0
0
0
0
0
0
0
0
0
0
0
0
0
0
9.44864
9.44864
0
0
0
0
0
0
0
0
0
0
0
0
0
0
0
0
0
0
0
0.329359
0.302842
0.447198
0.302842
0.329359
0
0.420682
0.546763
0.546763
0.546763
0.497297
0
0.420682
0.500231
0.497297
0.302842
0.329359
0.497297
0.497297
9.44864
9.44864
0
0
0
0
0.988078
0.908528
0.988078
0
0
0
0
0
0
0
0
0
0
0
0
0
0
0
0
0
0
0
0
0
0
0
0
0
0
0
0
0
0
0
0
0
0
0
0
0
0
0
0
0
0
0
0
0
0
0
0
0
0
0
9.44864
9.44864
0
0
0
0
0
0
0
0
0
0
0
0
0
0
0
0
0
0.329359
0.302842
0.329359
0
0.302842
0.408908
0.302842
0
0.329359
0.420682
0.420682
0.497297
0.546763
0.420682
0.447198
0.420682
0.520246
0.523813
0.420682
0.497297
6.22078
9.88469
7.99296
0
0
0
0
1.26205
1.5007
1.26205
0
0
0
0
0
0
0
0
0
0
0
0
0
0
0
0
0
0
0
0
0
0
0
0
0
0
0
0
0
0
0
0
0
0
0
0
0
0
0
0
0
0
0
0
0
0.988078
1.26205
1.26205
0.988078
0
0
9.44864
9.44864
0
0
0
0
0
0
0
0
0
0
0
0
0
0
0
0
0
0.302842
0.408908
0.302842
0
0.329359
0.302842
0.329359
0
0
0
0
0.329359
0.420682
0.520246
0.520246
0.520246
0.47078
0.497297
0.520246
0.546763
5.71697
9.88469
8.49678
0
0
0
0
1.26205
1.5007
1.26205
0
0
0
0
0
0
0
0
0
0
0
0
0
0
0
0
0
0
0
0
0
0
0
0
0
0
0
0
0
0
0
0
0
0
0
0
0
0
0
0
0
0
0
0
0
1.26205
1.64029
1.64029
1.26205
0
0
9.44864
9.44864
0
0
0
0
0
0
0
0
0
0
0
0
0
0
0
0
0
0.329359
0.302842
0.329359
0
0
0
0
0
0
0
0
0
0
0.329359
0.420682
0.420682
0.329359
0.329359
0.520246
0.520246
6.18661
9.82604
7.99296
0
0
0
0
0.988078
0.908528
0.988078
0
0
0
0
0
0
0
0
0
0
0
0
0
0
0
0
0
0
0
0
0
0
0
0
0
0
0
0
0
0
0
0
0
0
0
0
0
0
0
0
0
0
0
0
0
1.26205
1.56074
1.49189
1.56074
0.988078
0
9.44864
9.44864
0
0
0
0
0
0
0
0
0
0
0
0
0
0
0
0
0
0
0
0
0
0
0
0
0
0
0
0
0
0.329359
0.420682
0.497297
0.420682
0.447198
0.420682
0.546763
0.497297
0.520246
9.34131
9.44864
0
0
0
0
0
0
0
0
0
0
0
0
0
0
0
0
0
0
0
0
0
0
0
0
0
0
0
0
0
0
0
0
0
0
0
0
0
0
0
0
0
0
0
0
0
0
0
0
0
0
0
0
0.988078
1.56074
1.49189
1.56074
1.26205
0
9.64024
9.54397
0.329359
0
0
0
0
0
0
0
0
0
0
0
0
0
0
0
0
0
0
0
0
0
0
0
0
0
0
0
0
0.420682
0.546763
0.497297
0.546763
0.520246
0.546763
0.420682
0.329359
0.420682
7.81464
9.64
5.92847
0
0
0
0
0
0
0
0
0
0
0
0
0
0
0
0
0
0
0
0
0
0
0
0
0
0
0
0
0
0
0
0
0
0
0
0
0
0
0
0
0
0
0
0
0
0
0
0
0
0
0
0
1.26205
1.64029
1.64029
1.26205
0
9.7816
9.72344
0.420682
0
0
0
0
0
0
0
0
0
0
0
0
0
0
0
0
0
0
0
0
0
0
0
0
0
0.329359
0.420682
0.420682
0.546763
0.497297
0.329359
0.520246
0.520246
0.520246
0.329359
0
0.447198
8.18587
9.66652
5.45117
0
0
0
0
0
0
0
0
0
0
0
0
0
0
0
0
0
0
0
0
0
0
0
0
0
0
0
0
0
0
0
0
0
0
0
0
0
0
0
0
0
0
0
0
0
0
0
0
0
0
0
0
0.988078
1.26205
1.26205
0.988078
5.92847
10.0574
8.21692
0.420682
0
0
0
0
0
0
0
0
0
0
0
0.329359
0.302842
0.329359
0
0
0
0
0
0
0
0.329359
0.302842
0.447198
0.302842
0.497297
0.546763
0.520246
0.523813
0.420682
0.302842
0.520246
0.523813
0.520246
0.420682
0.329359
0.47078
7.84337
9.64
5.92847
0
0
0
0
0
0
0
0
0
0
0
0
0
0
0
0
0
0
0
0
0
0
0
0
0
0
0
0
0
0
0
0
0
0
0
0
0
0
0
0
0
0
0
0
0
0
0
0
0
0
0
0
0
0
0
0
7.57228
9.85673
6.29317
0.329359
0
0.329359
0.420682
0.420682
0.329359
0
0.329359
0.302842
0.329359
0
0
0.420682
0.500231
0.420682
0
0.329359
0.420682
0.420682
0.447198
0.302842
0.447198
0.47078
0.523813
0.520246
0.523813
0.523813
0.420682
0.329359
0.302842
0.329359
0.329359
0.47078
0.520246
0.546763
0.420682
0.302842
0.520246
9.36783
9.44864
0
0
0
0
0
0
0
0
0
0
0
0
0
0
0
0
0
0
0
0
0
0
0
0
0
0
0
0
0
0
0
0
0
0
0
0
0
0
0
0
0
0
0
0
0
0
0
0
0
0
0
0
0
0
0
0
0
7.57228
9.5964
6.19427
0.329359
0
0.420682
0.546763
0.546763
0.420682
0
0.420682
0.523813
0.47078
0.329359
0.329359
0.520246
0.520246
0.546763
0.497297
0.520246
0.520246
0.520246
0.520246
0.520246
0.520246
0.47078
0.497297
0.500231
0.497297
0.302842
0.329359
0
0
0
0
0.329359
0.420682
0.420682
0.329359
0.329359
0.47078
7.84337
9.64
5.92847
0
0
0
0
0
0
0
0
0
0
0
0
0
0
0
0
0
0
0
0
0
0
0
0
0
0
0
0
0
0
0
0
0
0
0
0
0
0
0
0
0
0
0
0
0
0
0
0
0
0
0
0
0
0
0
0
5.92847
9.66652
7.92175
0.302842
0
0.497297
0.497297
0.420682
0.546763
0.497297
0.546763
0.497297
0.47078
0.520246
0.520246
0.520246
0.497297
0.497297
0.497297
0.420682
0.329359
0.329359
0.302842
0.447198
0.302842
0.329359
0.329359
0.302842
0.329359
0
0
0
0
0
0
0
0
0
0
0
0.329359
5.9915
9.50482
7.57228
0
0
0
0
0
0
0
0
0
0
0
0
0
0
0
0
0
0
0
0
0
0
0
0
0
0
0
0
0
0
0
0
0
0
0
0
0
0
0
0
0
0
0
0
0
0
0
0
0
0
0
0
0
0
0
0
0
9.28449
9.38263
0.447198
0.420682
0.546763
0.420682
0.329359
0.420682
0.497297
0.420682
0.329359
0.329359
0.420682
0.420682
0.420682
0.408908
0.420682
0.302842
0.329359
0
0
0
0
0
0
0
0
0
0
0
0
0
0
0
0
0
0
0
0
0.329359
0.420682
9.14699
9.14314
0
0
0
0
0
0
0
0
0
0
0
0
0
0
0
0
0
0
0
0
0
0
0
0
0
0
0
0
0
0
0
0
0
0
0
0
0
0
0
0
0
0
0
0
0
0
0
0
0
0
0
0
0
0
0
0
0
9.44864
9.44864
0.302842
0.523813
0.497297
0.329359
0
0
0
0
0
0
0
0
0.329359
0.302842
0.497297
0.500231
0.420682
0
0
0
0
0
0
0
0
0
0
0
0
0
0
0
0
0
0
0
0
0.420682
0.546763
9.34131
9.28449
0
0
0
0
0
0
0
0
0
0
0
0
0
0
0
0
0
0
0
0
0
0
0
0
0
0
0
0
0
0
0
0
0
0
0
0
0
0
0
0
0
0
0
0
0
0
0
0
0
0
0
0
0
0
0
0
0
9.44864
9.44864
0.329359
0.520246
0.420682
0
0
0
0
0
0
0
0
0
0
0
0.420682
0.500231
0.420682
0
0
0
0
0
0
0
0
0
0
0
0
0
0
0
0
0
0
0
0
0.420682
0.546763
9.34131
9.28449
0
0
0
0
0
0
0
0
0
0
0
0
0
0
0
0
0
0
0
0
0
0
0
0
0
0
0
0
0
0
0
0
0
0
0
0
0
0
0
0
0
0
0
0
0
0
0
0
0
0
0
0
0
0
0
0
0
9.44864
9.44864
0.329359
0.520246
0.420682
0
0
0
0
0
0
0
0
0
0
0
0.329359
0.302842
0.329359
0
0
0
0
0
0
0
0
0
0
0
0
0
0
0
0
0
0
0
0
0.329359
0.420682
9.14699
9.14314
0
0
0
0
0
0
0
0
0
0
0
0
0
0
0
0
0
0
0
0
0
0
0
0
0
0
0
0
0
0
0
0
0
0
0
0
0
0
0
0
0
0
0
0
0
0
0
0
0
0
0
0
0
0
0
0
0
9.44864
9.44864
0.420682
0.546763
0.420682
0.329359
0
0
0
0
0
0
0
0
0
0
0
0
0
0
0.329359
0.420682
0.420682
0.329359
0
0
0
0
0
0
0
0
0
0
0
0
0
0
0
0
0
8.95135
8.95135
0
0
0
0
0
0
0
0
0
0
0
0
0
0
0
0
0
0
0
0
0
0
0
0
0
0
0
0
0
0
0
0
0
0
0
0
0
0
0
0
0
0
0
0
0
0
0
0
0
0
0
0
0
0
0
0
0
9.44864
9.44864
0.497297
0.520246
0.408908
0.302842
0
0
0
0
0
0
0
0
0
0
0
0
0
0
0.420682
0.546763
0.546763
0.420682
0
0
0
0
0
0
0
0
0
0
0
0
0
0
0
0
0
8.95135
8.95135
0
0
0
0
0
0
0
0
0
0
0
0
0
0
0
0
0
0
0
0
0
0
0
0
0
0
0
0
0
0
0
0
0
0
0
0
0
0
0
0
0
0
0
0
0
0
0
0
0
0
0
0
0
0
0
0
4.28167
9.3676
8.03291
0.497297
0.546763
0.302842
0.329359
0
0
0
0
0
0
0
0
0
0
0
0
0
0
0.420682
0.546763
0.546763
0.420682
0
0
0
0
0
0
0
0
0
0
0
0
0
0
0
0
0
8.95135
8.95135
0
0
0
0
0
0
0
0
0
0
0
0
0
0
0
0
0
0
0
0
0
0
0
0
0
0
0
0
0
0
0
0
0
0
0
0
0
0
0
0
0
0
0
0
0
0
0
0
0
0
0
0
0
0
0
0
3.93696
8.94614
8.16344
1.42883
1.24139
0.994595
0.994595
0.994595
0.994595
0.994595
0.994595
0.994595
0.994595
0.994595
0.994595
0.994595
0.994595
0.994595
0.994595
0.994595
0.994595
1.15175
1.24139
1.24139
1.15175
0.994595
0.994595
0.994595
0.994595
0.994595
0.994595
0.994595
0.994595
0.994595
0.994595
0.994595
0.994595
0.994595
0.994595
0.994595
0.994595
0.994595
8.7541
8.63177
0
0
0
0
0
0
0
0
0
0
0
0
0
0
0
0
0
0
0
0
0
0
0
0
0
0
0
0
0
0
0
0
0
0
0
0
0
0
0
0
0
0
0
0
0
0
0
0
0
0
0
0
0
0
0
0
4.28167
8.32187
7.20833
2.07646
1.9511
1.76183
1.76183
1.76183
1.76183
1.63675
1.66326
1.63675
1.76183
1.76183
1.9511
1.92458
2.10298
1.92458
1.9511
1.76183
1.76183
1.76183
1.76183
1.76183
1.76183
1.9511
1.92458
1.9511
1.76183
1.76183
1.9511
1.92458
1.9511
1.9511
2.07646
2.21449
2.21449
2.21449
2.21449
2.21449
2.21449
2.07646
8.19676
8.04958
0
0
0
0
0
0
0
0
0
0
0
0
0
0
0
0
0
0
0
0
0
0
0
0
0
0
0
0
0
0
0
0
0
0
0
0
0
0
0
0
0
0
0
0
0
0
0
0
0
0
0
0
0
0
0
0
0
7.5201
7.53419
0.933946
0.933946
0.933946
0.959983
0.9865
0.959983
0.862424
0.756358
0.862424
0.933946
0.959983
1.14646
1.22601
1.23181
1.24733
1.14127
0.970687
0.997203
0.994594
0.994594
0.994594
0.994594
1.12523
1.2313
1.12523
0.994594
0.994594
1.12523
1.2313
1.12523
1.12523
1.32094
1.39463
1.39463
1.39463
1.39463
1.39463
1.39463
1.32094
7.32194
7.35729
0
0
0
0
0
0
0
0
0
0
0
0
0
0
0
0
0
0
0
0
0
0
0
0
0
0
0
0
0
0
0
0
0
0
0
0
0
0
0
0
0
0
0
0
0
0
0
0
0
0
0
0
0
0
0
0
0
7.12851
7.23951
0.55033
0.55033
0.55033
0.500232
0.394166
0.500232
0.546763
0.57328
0.546763
0.55033
0.500232
0.576419
0.655968
0.799099
0.464264
0.490781
0.408909
0.302843
0
0
0
0
0.447199
0.394166
0.447199
0
0.329359
0.497297
0.470781
0.523814
0.497297
0.546763
0.55033
0.55033
0.55033
0.55033
0.55033
0.55033
0.520247
6.88411
6.96216
0
0
0
0
0
0
0
0
0
0
0
0
0
0
0
0
0
0
0
0
0
0
0
0
0
0
0
0
0
0
0
0
0
0
0
0
0
0
0
0
0
0
0
0
0
0
0
0
0
0
0
0
0
0
0
0
0
7.15503
7.15996
0.497297
0.497297
0.497297
0.420682
0.447199
0.420682
0.497297
0.497297
0.497297
0.497297
0.420682
0.447199
0.420682
0.420682
0.329359
0.329359
0.302843
0.329359
0
0
0
0.329359
0.394166
0.473715
0.302843
0
0.420682
0.55033
0.523814
0.470781
0.546763
0.497297
0.497297
0.497297
0.497297
0.497297
0.497297
0.497297
0.520247
6.78832
6.79939
0
0
0
0
0
0
0
0
0
0
0
0
0
0
0
0
0
0
0
0
0
0
0
0
0
0
0
0
0
0
0
0
0
0
0
0
0
0
0
0
0
0
0
0.988078
1.26205
1.49189
1.49189
1.26205
0.988078
0.988078
1.26205
1.49189
1.26205
1.3416
0.908528
0.988078
0
6.96216
6.96216
0
0
0
0
0
0
0
0
0
0
0
0
0
0
0
0
0
0
0
0
0
0.420682
0.523814
0.470781
0.329359
0
0.497297
0.546763
0.520247
0.546763
0.497297
0
0
0
0
0
0
0
0.447199
6.63688
6.82591
0
0
0
0
0
0
0
0
0.988078
0.908528
0.988078
0
0
0
0
0
0
0
0
0
0
0
0
0
0
0
0
0
0
0
0
0
0
0
0
0
0
0
0
0
0
0
0
1.26205
1.64029
1.49189
1.49189
1.64029
1.26205
1.26205
1.64029
1.49189
1.64029
1.56074
1.5007
1.26205
0
6.96216
6.96216
0
0
0
0
0
0
0
0
0
0
0
0
0
0
0
0
0
0
0
0
0
0.420682
0.500232
0.420682
0
0.329359
0.520247
0.546763
0.546763
0.520247
0.420682
0
0
0
0
0
0
0
0.420682
6.74295
6.79939
0
0
0
0
0
0
0
0
1.26205
1.5007
1.26205
0
0
0
0
0
0
0
0
0
0
0
0
0
0
0
0
0
0
0
0
0
0
0
0
0
0
0
0
0
0
0
0
1.26205
1.64029
1.49189
1.49189
1.64029
1.26205
1.26205
1.64029
1.49189
1.64029
1.56074
1.5007
1.26205
0
6.96216
6.96216
0
0
0
0
0
0
0
0
0
0
0
0
0
0
0
0
0
0
0
0
0
0.329359
0.302843
0.329359
0
0.302843
0.520247
0.57328
0.520247
0.520247
0.447199
0
0
0
0
0
0
0
0.420682
6.74295
6.79939
0
0
0
0
0
0
0
0
1.26205
1.5007
1.26205
0
0
0
0
0
0
0
0
0
0
0
0
0
0
0
0
0
0
0
0
0
0
0
0
0
0
0
0
0
0
0
0
0.988078
1.26205
1.49189
1.49189
1.26205
0.988078
0.988078
1.26205
1.49189
1.26205
1.3416
0.908528
0.988078
0
6.96216
6.96216
0
0
0
0
0
0
0
0
0
0
0
0
0
0
0
0
0
0
0
0
0
0
0
0
0
0.329359
0.520247
0.520247
0.546763
0.546763
0.420682
0
0
0
0
0
0
0
0.329359
6.56228
6.6581
0
0
0
0
0
0
0
0
0.988078
0.908528
0.988078
0
0
0
0
0
0
0
0
0
0
0
0
0
0
0
0
0
0
0
0
0
0
0
0
0
0
0
0
0
0
0
0
0
0
0
0
0
0
0
0
0
0
0
0
0
0
6.79939
6.85759
0.497297
0.497297
0.497297
0.497297
0.497297
0.497297
0.497297
0.497297
0.497297
0.497297
0.497297
0.497297
0.497297
0.497297
0.497297
0.497297
0.497297
0.497297
0.497297
0.497297
0.497297
0.497297
0.497297
0.497297
0.497297
0.497297
0.546763
0.497297
0.470781
0.523814
0.420682
0
0
0
0
0
0
0
0
6.46486
6.46486
0
0
0
0
0
0
0
0
0
0
0
0
0
0
0
0
0
0
0
0
0
0
0
0
0
0
0
0
0
0
0
0
0
0
0
0
0
0
0
0
0
0
0
0
0
0
0
0
0
0
0
0
0
0
0
0
0
6.35586
6.52337
1.01459
1.04111
0.900434
0.953467
0.497297
0.497297
0.685235
0.782875
0.880913
0.880913
0.782875
0.809391
1.01459
0.988078
0.953467
0.497297
0.497297
0.497297
0.497297
0.685235
0.658719
0.685235
0.685235
0.782875
0.880913
0.880913
0.990687
0.874396
0.900913
0.658718
0.685235
0.497297
0.497297
0.497297
0.497297
0.497297
0.497297
1.0263
0.946749
6.39554
6.46486
0
0
0
0
0
0
0
0
0
0
0
0
0
0
0
0
0
0
0
0
0
0
0
0
0
0
0
0
0
0
0
0
0
0
0
0
0
0
0
0
0
0
0
0
0
0
0
0
0
0
0
0
0
0
0
0
0
5.1147
6.2577
4.2113
1.4191
1.47608
1.47608
1.49189
1.49189
1.45198
1.40231
1.3416
1.3416
1.40231
1.40231
1.4191
1.4191
1.47608
1.49189
1.49189
1.49189
1.49189
1.45198
1.45198
1.45198
1.45198
1.40231
1.3416
1.3416
1.35047
1.54624
1.67274
1.82184
1.82184
1.82184
1.82184
1.82184
1.82184
1.82184
1.82184
1.84777
1.92308
5.98703
5.88915
0
0
0
0
0
0
0
0
0
0
0
0
0
0
0
0
0
0
0
0
0
0
0
0
0
0
0
0
0
0
0
0
0
0
0
0
0
0
0
0
0
0
0
0
0
0
0
0
0
0
0
0
0
0
0
0
0
3.62295
5.65658
4.79056
1.08823
1.32363
1.2706
1.49189
1.49189
1.35017
1.21239
1.15175
1.24139
1.54624
1.42089
1.26139
1.28791
1.49321
1.72164
1.63675
1.49189
1.49189
1.49608
1.49608
1.49608
1.35017
1.3616
1.12523
1.15175
1.0263
1.21239
1.31508
1.49189
1.49189
1.49189
1.49189
1.49189
1.49189
1.49189
1.49189
1.2706
1.56946
5.07195
5.33558
0
0
0
0
0
0
0
0
0
0
0
0
0
0
0
0
0
0
0
0
0
0
0
0
0
0
0
0
0
0
0
0
0
0
0
0
0
0
0
0
0
0
0
0
0
0
0
0
0
0
0
0
0
0
0
0
0
0
4.97297
4.97297
6.70552e-07
6.70552e-07
6.70552e-07
0.329359
0.420682
0.497297
0.420682
0.497297
0.546763
0.497297
0.520247
0.520247
0.520247
0.520247
0.520247
0.520247
0.420682
0.329359
0.420682
0.523813
0.520247
0.497297
0.520247
0.520247
0.520247
0.520247
0.47078
0.329359
0
0
0
0
0
0
0
0
0
0
4.47567
4.47567
0
0
0
0
0
0
0
0
0
0
0
0
0
0
0
0
0
0
0
0
0
0
0
0
0
0
0
0
0
0
0
0
0
0
0
0
0
0
0
0
0
0
0
0
0
0
0
0
0
0
0
0
0
0
0
0
0
0
4.81234
4.87267
0.497297
0.420682
0.447199
0.47078
0.546763
0.520247
0.546763
0.523813
0.420682
0
0.329359
0.420682
0.420682
0.329359
0.329359
0.420682
0.520247
0.520247
0.546763
0.497297
0.420682
0.497297
0.420682
0.447199
0.420682
0.420682
0.329359
0
0
0
0
0
0
0
0
0
0
0
4.47567
4.47567
0
0
0
0
0
0
0
0
0
0
0
0
0
0
0
0
0
0
0
0
0
0
0
0
0
0
0
0
0
0
0
0
0
0
0
0
0
0
0
0
0
0
0
0
0
0
0
0
0
0
0
0
0
0
0
0
0
0
4.67118
4.67873
0.497297
0.546763
0.47078
0.523813
0.546763
0.523813
0.497297
0.302843
0.329359
0
0
0
0
0
0
0
0.329359
0.420682
0.420682
0.329359
0
0
0
0
0
0
0
0
0
0
0
0
0
0
0
0
0
0
4.47567
4.47567
0
0
0
0
0
0
0
0
0
0
0
0
0
0
0
0
0
0
0
0
0
0
0
0
0
0
0
0
0
0
0
0
0
0
0
0
0
0
0
0
0
0
0
0
0
0
0
0
0
0
0
0
0
0
0
0
0
0
3.78614
4.68222
2.96423
0.420682
0.55033
0.520247
0.546763
0.546763
0.420682
0
0
0
0
0
0
0
0
0
0
0
0
0
0
0
0
0
0
0
0
0
0
0
0
0
0
0
0
0
0
0
4.47567
4.47567
0
0
0
0
0
0
0
0
0
0
0
0
0
0
0
0
0
0
0
0
0
0
0
0
0
0
0
0
0
0
0
0
0
0
0
0
0
0
0
0
0
0
0
0
0
0
0
0
0
0
0
0
0
0
0
0
0
0
4.02479
4.68222
2.72558
0.329359
0.420682
0.520247
0.520247
0.47078
0.329359
0
0
0
0
0
0
0
0
0
0
0
0
0
0
0
0
0
0
0
0
0
0
0
0
0
0
0
0
0
0
0
4.47567
4.47567
0
0
0
0
0
0
0
0
0
0
0
0
0
0
0
0
0
0
0
0
0
0
0
0
0
0
0
0
0
0
0
0
0
0
0
0
0
0
0
0
0
0
0
0
0
0
0
0
0
0
0
0
0
0
0
0
0
0
3.78614
4.68222
2.96423
0
0
0.329359
0.302843
0.329359
0
0
0
0
0
0
0
0
0
0
0
0
0
0
0
0
0
0
0
0
0
0
0
0
0
0
0
0
0
0
0
0
4.47567
4.47567
0
0
0
0
0
0
0
0
0
0
0
0
0
0
0
0
0
0
0
0
0
0
0
0
0
0
0
0
0
0
0
0
0
0
0
0
0
0
0
0
0
0
0
0
0
0
0
0
0
0
0
0
0
0
0
0
0
0
4.47567
4.47567
0
0
0
0
0
0
0
0
0
0
0
0
0
0
0
0
0
0
0
0
0
0
0
0
0
0
0
0
0
0
0
0
0
0
0
0
0
0
4.47567
4.47567
0
0
0
0
0
0
0
0
0
0
0
0
0
0
0
0
0
0
0
0
0
0
0
0
0
0
0
0
0
0
0
0
0
0
0
0
0
0
0
0
0
0
0
0
0
0
0
0
0
0
0
0
0
0
0
0
0
0
3.94829
4.2989
1.98919
1.98919
1.98919
1.98919
1.98919
1.98919
1.98919
1.98919
1.98919
1.98919
1.98919
1.98919
1.98919
1.98919
1.98919
1.98919
1.98919
1.98919
1.98919
1.98919
1.98919
1.98919
1.98919
1.98919
1.98919
1.98919
1.98919
1.98919
1.98919
1.98919
1.98919
1.98919
1.98919
1.98919
1.98919
1.98919
1.98919
1.98919
4.2989
3.94829
0
0
0
0
0
0
0
0
0
0
0
0
0
0
0
0
0
0
0
0
0
0
0
0
0
0
0
0
0
0
0
0
0
0
0
0
0
0
0
0
0
0
0
0
0
0
0
0
0
0
0
0
0
0
0
0
0
0
3.4113
3.57447
1.98919
1.98919
1.98919
1.98919
1.98919
1.98919
1.98919
1.98919
1.98919
1.98919
1.98919
1.98919
1.98919
1.98919
1.98919
1.98919
1.98919
1.98919
1.98919
1.98919
1.98919
1.98919
1.98919
1.98919
1.98919
1.98919
1.98919
1.98919
1.98919
1.98919
1.98919
1.98919
1.98919
1.98919
1.98919
1.98919
1.98919
1.98919
3.57447
3.4113
0
0
0
0
0
0
0
0
0
0
0
0
0
0
0
0
0
0
0
0
0
0
0
0
0
0
0
0
0
0
0
0
0
0
0
0
0
0
0
0
0
0
0
0
0
0
0
0
0
0
0
0
0
0
0
0
0
0
2.48649
2.48649
3.35276e-07
3.35276e-07
3.35276e-07
3.35276e-07
3.35276e-07
3.35276e-07
3.35276e-07
3.35276e-07
3.35276e-07
3.35276e-07
3.35276e-07
3.35276e-07
3.35276e-07
3.35276e-07
3.35276e-07
3.35276e-07
3.35276e-07
3.35276e-07
3.35276e-07
3.35276e-07
3.35276e-07
3.35276e-07
3.35276e-07
3.35276e-07
3.35276e-07
3.35276e-07
3.35276e-07
3.35276e-07
3.35276e-07
3.35276e-07
3.35276e-07
3.35276e-07
3.35276e-07
3.35276e-07
3.35276e-07
3.35276e-07
3.35276e-07
3.35276e-07
2.48649
2.48649
0
0
0
0
0
0
0
0
0
0
0
0
0
0
0
0
0
0
0
0
0
0
0
0
0
0
0
0
0
0
0
0
0
0
0
0
0
0
0
0
0
0
0
0
0
0
0
0
0
0
0
0
0
0
0
0
0
0
2.48649
2.48649
3.35276e-07
3.35276e-07
3.35276e-07
3.35276e-07
3.35276e-07
3.35276e-07
3.35276e-07
3.35276e-07
3.35276e-07
3.35276e-07
3.35276e-07
3.35276e-07
3.35276e-07
3.35276e-07
3.35276e-07
3.35276e-07
3.35276e-07
3.35276e-07
3.35276e-07
3.35276e-07
3.35276e-07
3.35276e-07
3.35276e-07
3.35276e-07
3.35276e-07
3.35276e-07
3.35276e-07
3.35276e-07
3.35276e-07
3.35276e-07
3.35276e-07
3.35276e-07
3.35276e-07
3.35276e-07
3.35276e-07
3.35276e-07
3.35276e-07
3.35276e-07
2.48649
2.48649
0
0
0
0
0
0
0
0
0
0
0
0
0
0
0
0
0
0
0
0
0
0
0
0
0
0
0
0
0
0
0
0
0
0
0
0
0
0
0
0
0
0
0
0
0
0
0
0
0
0
0
0
0
0
0
0
0
0
2.48649
2.48649
3.35276e-07
3.35276e-07
3.35276e-07
3.35276e-07
3.35276e-07
3.35276e-07
3.35276e-07
3.35276e-07
3.35276e-07
3.35276e-07
3.35276e-07
3.35276e-07
3.35276e-07
3.35276e-07
3.35276e-07
3.35276e-07
3.35276e-07
3.35276e-07
3.35276e-07
3.35276e-07
3.35276e-07
3.35276e-07
3.35276e-07
3.35276e-07
3.35276e-07
3.35276e-07
3.35276e-07
3.35276e-07
3.35276e-07
3.35276e-07
3.35276e-07
3.35276e-07
3.35276e-07
3.35276e-07
3.35276e-07
3.35276e-07
3.35276e-07
3.35276e-07
2.48649
2.48649
0
0
0
0
0
0
0
0
0
0
0
0
0
0
0
0
0
0
0
0
0
0
0
0
0
0
0
0
0
0
0
0
0
0
0
0
0
0
0
0
0
0
0
0
0
0
0
0
0
0
0
0
0
0
0
0
0
0
2.48649
2.48649
3.35276e-07
3.35276e-07
3.35276e-07
3.35276e-07
3.35276e-07
3.35276e-07
3.35276e-07
3.35276e-07
3.35276e-07
3.35276e-07
3.35276e-07
3.35276e-07
3.35276e-07
3.35276e-07
3.35276e-07
3.35276e-07
3.35276e-07
3.35276e-07
3.35276e-07
3.35276e-07
3.35276e-07
3.35276e-07
3.35276e-07
3.35276e-07
3.35276e-07
3.35276e-07
3.35276e-07
3.35276e-07
3.35276e-07
3.35276e-07
3.35276e-07
3.35276e-07
3.35276e-07
3.35276e-07
3.35276e-07
3.35276e-07
3.35276e-07
3.35276e-07
2.48649
2.48649
0
0
0
0
0
0
0
0
0
0
0
0
0
0
0
0
0
0
0
0
0
0
0
0
0
0
0
0
0
0
0
0
0
0
0
0
0
0
0
0
0
0
0
0
0
0
0
0
0
0
0
0
0
0
0
0
0
0
2.48649
2.48649
3.35276e-07
3.35276e-07
3.35276e-07
3.35276e-07
3.35276e-07
3.35276e-07
3.35276e-07
3.35276e-07
3.35276e-07
3.35276e-07
3.35276e-07
3.35276e-07
3.35276e-07
3.35276e-07
3.35276e-07
3.35276e-07
3.35276e-07
3.35276e-07
3.35276e-07
3.35276e-07
3.35276e-07
3.35276e-07
3.35276e-07
3.35276e-07
3.35276e-07
3.35276e-07
3.35276e-07
3.35276e-07
3.35276e-07
3.35276e-07
3.35276e-07
3.35276e-07
3.35276e-07
0.329359
0.420682
0.420682
0.447199
0.302843
2.4605
2.48649
0
0
0
0
0
0
0
0
0
0
0
0
0
0
0
0
0
0
0
0
0
0
0
0
0
0
0
0
0
0
0
0
0
0
0
0
0
0
0
0
0
0
0
0
0
0
0
0
0
0
0
0
0
0
0
0
0
0
2.48649
2.48649
3.35276e-07
3.35276e-07
3.35276e-07
3.35276e-07
3.35276e-07
3.35276e-07
3.35276e-07
3.35276e-07
3.35276e-07
3.35276e-07
3.35276e-07
3.35276e-07
3.35276e-07
3.35276e-07
3.35276e-07
3.35276e-07
3.35276e-07
3.35276e-07
3.35276e-07
3.35276e-07
3.35276e-07
3.35276e-07
3.35276e-07
3.35276e-07
3.35276e-07
3.35276e-07
3.35276e-07
3.35276e-07
3.35276e-07
3.35276e-07
3.35276e-07
3.35276e-07
0.329359
0.470781
0.520247
0.546763
0.470781
0.408909
2.43398
2.48649
0
0
0
0
0
0
0
0
0
0
0
0
0
0
0
0
0
0
0
0
0
0
0
0
0
0
0
0
0
0
0
0
0
0
0
0
0
0
0
0
0
0
0
0
0
0
0
0
0
0
0
0
0
0
0
0
0
0
2.48649
2.48649
3.35276e-07
3.35276e-07
3.35276e-07
3.35276e-07
3.35276e-07
3.35276e-07
3.35276e-07
3.35276e-07
3.35276e-07
3.35276e-07
3.35276e-07
3.35276e-07
3.35276e-07
3.35276e-07
3.35276e-07
3.35276e-07
3.35276e-07
3.35276e-07
3.35276e-07
3.35276e-07
3.35276e-07
3.35276e-07
3.35276e-07
3.35276e-07
3.35276e-07
3.35276e-07
3.35276e-07
3.35276e-07
3.35276e-07
0.329359
0.302843
0.329359
0.420682
0.520247
0.329359
0.497297
0.57328
0.394166
2.42817
2.48649
0
0
0
0
0
0
0
0
0
0
0
0
0
0
0
0
0
0
0
0
0
0
0
0
0
0
0
0
0
0
0
0
0
0
0
0
0
0
0
0
0
0
0
0
0
0
0
0
0
0
0
0
0
0
0
0
0
0
2.48649
2.48649
3.35276e-07
3.35276e-07
3.35276e-07
3.35276e-07
3.35276e-07
3.35276e-07
3.35276e-07
3.35276e-07
3.35276e-07
3.35276e-07
3.35276e-07
3.35276e-07
3.35276e-07
3.35276e-07
3.35276e-07
3.35276e-07
3.35276e-07
3.35276e-07
3.35276e-07
3.35276e-07
3.35276e-07
3.35276e-07
3.35276e-07
3.35276e-07
3.35276e-07
0.329359
0.302843
0.329359
3.35276e-07
0.420682
0.523814
0.520247
0.546763
0.420682
3.35276e-07
0.420682
0.523814
0.520247
2.3359
2.33364
0
0
0
0
0
0
0
0
0
0
0
0
0
0
0
0
0
0
0
0
0
0
0
0
0
0
0
0
0
0
0
0
0
0
0
0
0
0
0
0
0
0
0
0
0
0
0
0
0
0
0
0
0
0
0
0
0
0
2.10341
2.73382
2.48649
2.48649
2.48649
2.48649
2.48649
2.48649
2.48649
2.48649
2.48649
2.48649
2.48649
2.48649
2.48649
2.48649
2.48649
2.48649
2.48649
2.48649
2.48649
2.48649
2.48649
2.48649
2.48649
2.48649
2.48649
2.43398
2.43398
2.43398
2.48649
2.40166
2.30939
2.20948
2.20948
2.1275
1.98919
2.1275
2.10099
2.23599
2.33653
1.92964
0
0
0
0
0
0
0
0
0
0
0
0
0
0
0
0
0
0
0
0
0
0
0
0
0
0
0
0
0
0
0
0
0
0
0
0
0
0
0
0
0
0
0
0
0
0
0
0
0
0
0
0
0
0
0
0
0
0
1.6468
2.10341
2.48649
2.48649
2.48649
2.48649
2.48649
2.48649
2.48649
2.48649
2.48649
2.48649
2.48649
2.48649
2.48649
2.48649
2.48649
2.48649
2.48649
2.48649
2.48649
2.48649
2.48649
2.48649
2.48649
2.48649
2.48649
2.33364
2.36016
2.33364
2.48649
2.33364
2.19337
1.98919
1.98919
1.98919
1.98919
1.98919
1.98919
1.98919
1.68273
1.31744
0
0
0
0
0
0
0
0
0
0
0
0
0
0
0
0
0
0
0
0
0
0
0
0
0
0
0
0
0
0
0
0
0
0
0
0
0
0
0
0
0
0
0
0
0
0
0
0
0
0
0
0
0
0
0
0
0
0
0
0
0
0
0
0
0
0
0
0
0
0
0
0
0
0
0
0
0
0
0
0
0
0
0
0
0
0
0
0
0
0
0
0
0
0
0
0
0
0
0
0
0
0
0
0
0
0
0
0
0
0
0
0
0
0
0
0
0
0
0
0
0
0
0
0
0
0
0
0
0
0
0
0
0
0
0
0
0
0
0
0
0
0
0
0
0
0
0
0
0
0
0
0
0
0
0
0
0
0
0
0
0
0
0
0
0
0
0
0
0
0
0
0
0
0
0
0
0
0
0
0
0
0
0
0
0
0
0
0
0
0
0
0
0
0
0
0
0
0
0
0
0
0
0
0
0
0
0
0
0
0
0
0
0
0
0
0
0
0
0
0
0
0
0
0
0
0
0
0
0
0
0
0
0
0
0
0
0
0
0
0
0
0
0
0
0
0
0
0
0
0
0
0
0
0
0
0
0
0
0
0
0
0
0
0
0
0
0
0
0
0
0
0
0
0
0
0
0
0
0
0
0
0
0
0
0
0
0
0
0
0
0
0
0
0
0
0
0
0
0
0
0
0
0
0
0
0
0
0
0
0
0
0
0
0
0
0
0
0
0
0
0
0
0
0
0
0
0
0
0
0
0
0
0
0
0
0
0
0
0
0
0
0
0
0
0
0
0
0
0
0
0
0
0
0
0
0
0
0
0
0
0
0
0
0
0
0
0
0
0
0
0
0
0
0
0
0
0
0
0
0
0
0
0
0
0
0
0
0
0
0
0
0
0
0
0
0
0
0
0
0
0
0
0
0
0
0
0
0
0
0
0
0
0
0
0
0
0
0
0
0
0
0
0
0
0
0
0
0
0
0
0
0
0
0
0
0
0
0
0
0
0
0
0
0
0
0
0
0
0
0
0
0
0
0
0
0
0
0
0
0
0
0
0
0
0
0
0
0
0
0
0
0
0
0
0
0
0
0
0
0
0
0
0
0
0
0
0
0
0
0
0
0
0
0
0
0
0
0
0
0
0
0
0
0
0
0
0
0
0
0
0
0
0
0
0
0
0
0
0
0
0
0
0
0
0
0
0
0
0
0
0
0
0
0
0
0
0
0
0
0
0
0
0
0
0
0
0
0
0
0
0
0
0
0
0
0
0
0
0
0
0
0
0
0
0
0
0
0
0
0
0
0
0
0
0
0
0
0
0
0
0
0
0
0
0
0
0
0
0
0
0
0
0
0
0
0
0
0
0
0
0
0
0
0
0
0
0
0
0
0
0
0
0
0
0
0
0
0
0
0
0
0
0
0
0
0
0
0
0
0
0
0
0
0
0
0
0
0
0
0
0
0
0
0
0
0
0
0
0
0
0
0
0
0
0
0
0
0
0
0
0
0
0
0
0
0
0
0
0
0
0
0
0
0
0
0
0
0
0
0
0
0
0
0
0
0
0
0
0
0
0
0
0
0
0
0
0
0
0
0
0
0
0
0
0
0
0
0
0
0
0
0
0
0
0
0
0
0
0
0
0
0
0
0
0
0
0
0
0
0
0
0
0
0
0
0
0
0
0
0
0
0
0
0
0
0
0
0
0
0
0
0
0
0
0
0
0
0
0
0
0
0
0
0
0
0
0
0
0
0
0
0
0
0
0
0
0
0
0
0
0
0
0
0
0
0
0
0
0
0
0
0
0
0
0
0
0
0
0
0
0
0
0
0
0
0
0
0
0
0
0
0
0
0
0
0
0
0
0
0
0
0
0
0
0
0
0
0
0
0
0
0
0
0
0
0
0
0
0
0
0
0
0
0
0
0
0
0
0
0
0
0
0
0
0
0
0
0
0
0
0
0
0
0
0
0
0
0
0
0
0
0
0
0
0
0
0
0
0
0
0
0
0
0
0
0
0
0
0
0
0
0
0
0
0
0
0
0
0
0
0
0
0
0
0
0
0
0
0
0
0
0
0
0
0
0
0
0
0
0
0
0
0
0
0
0
0
0
0
0
0
0
0
0
0
0
0
0
0
0
0
0
0
0
0
0
0
0
0
0
0
0
0
0
0
0
0
0
0
0
0
0
0
0
0
0
0
0
0
0
0
0
0
0
0
0
0
0
0
0
0
0
0
0
0
0
0
0
0
0
0
0
0
0
0
0
0
0
0
0
0
0
0
0
0
0
0
0
0
0
0
0
0
0
0
0
0
0
0
0
0
0
0
0
0
0
0
0
0
0
0
0
0
0
0
0
0
0
0
0
0
0
0
0
0
0
0
0
0
0
0
0
0
0
0
0
0
0
0
0
0
0
0
0
0
0
0
0
0
0
0
0
0
0
0
0
0
0
0
0
0
0
0
0
0
0
0
0
0
0
0
0
0
0
0
0
0
0
0
0
0
0
0
0
0
0
0
0
0
0
0
0
0
0
0
0
0
0
0
0
0
0
0
0
0
0
0
0
0
0
0
0
0
0
0
0
0
0
0
0
0
0
0
0
0
0
0
0
0
0
0
0
0
0
0
0
0
0
0
0
0
0
0
0
0
0
0
0
0
0
0
0
0
0
0
0
0
0
0
0
0
0
0
0
0
0
0
0
0
0
0
0
0
0
0
0
0
0
0
0
0
0
0
0
0
0
0
0
0
0
0
0
0
0
0
0
0
0
0
0
0
0
0
0
0
0
0
0
0
0
0
0
0
0
0
0
0
0
0
0
0
0
0
0
0
0
0
0
0
0
0
0
0
0
0
0
0
0
0
0
0
0
0
0
0
0
0
0
0
0
0
0
0
0
0
0
0
0
0
0
0
0
0
0
0
0
0
0
0
0
0
0
0
0
0
0
0
0
0
0
0
0
0
0
0
0
0
0
0
0
0
0
0
0
0
0
0
0
0
0
0
0
0
0
0
0
0
0
0
0
0
0
0
0
0
0
0
0
0
0
0
0
0
0
0
0
0
0
0
0
0
0
0
0
0
0
0
0
0
0
0
0
0
0
0
0
0
0
0
0
0
0
0
0
0
0
0
0
0
0
0
0
0
0
0
0
0
0
0
0
0
0
0
0
0
0
0
0
0
0
0
0
0
0
0
0
0
0
0
0
0
0
0
0
0
0
0
0
0
0
0
0
0
0
0
0
0
0
0
0
0
0
0
0
0
0
0
0
0
0
0
0
0
0
0
0
0
0
0
0
0
0
0
0
0
0
0
0
0
0
0
0
0
0
0
0
0
0
0
0
0
0
0
0
0
0
0
0
0
0
0
0
0
0
0
0
0
0
0
0
0
0
0
0
0
0
0
0
0
0
0
0
0
0
0
0
0
0
0
0
0
0
0
0
0
0
0
0
0
0
0
0
0
0
0
0
0
0
0
0
0
0
0
0
0
0
0
0
0
0
0
0
0
0
0
0
0
0
0
0
0
0
0
0
0
0
0
0
0
0
0
0
0
0
0
0
0
0
0
0
0
0
0
0
0
0
0
0
0
0
0
0
0
0
0
0
0
0
0
0
0
0
0
0
0
0
0
0
0
0
0
0
0
0
0
0
0
0
0
0
0
0
0
0
0
0
0
0
0
0
0
0
0
0
0
0
0
0
0
0
0
0
0
0
0
0
0
0
0
0
0
0
0
0
0
0
0
0
0
0
0
0
0
0
0
0
0
0
0
0
0
0
0
0
0
0
0
0
0
0
0
0
0
0
0
0
0
0
0
0
0
0
0
0
0
0
0
0
0
0
0
0
0
0
0
0
0
0
0
0
0
0
0
0
0
0
0
0
0
0
0
0
0
0
0
0
0
0
0
0
0
0
0
0
0
0
0
0
0
0
0
0
0
0
0
0
0
0
0
0
0
0
0
0
0
0
0
0
0
0
0
0
0
0
0
0
0
0
0
0
0
0
0
0
0
0
0
0
0
0
0
0
0
0
0
0
0
0
0
0
0
0
0
0
0
0
0
0
0
0
0
0
0
0
0
0
0
0
0
0
0
0
0
0
0
0
0
0
0
0
0
0
0
0
0
0
0
0
0
0
0
0
0
0
0
0
0
0
0
0
0
0
0
0
0
0
0
0
0
0
0
0
0
0
0
0
0
0
0
0
0
0
0
0
0
0
0
0
0
0
0
0
0
0
0
0
0
0
0
0
0
0
0
0
0
0
0
0
0
0
0
0
0
0
0
0
0
0
0
0
0
0
0
0
0
0
0
0
0
0
0
0
0
0
0
0
0
0
0
0
0
0
0
0
0
0
0
0
0
0
0
0
0
0
0
0
0
0
0
0
0
0
0
0
0
0
0
0
0
0
0
0
0
0
0
0
0
0
0
0
0
0
0
0
0
0
0
0
0
0
0
0
0
0
0
0
0
0
0
0
0
0
0
0
0
0
0
0
0
0
0
0
0
0
0
0
0
0
0
0
0
0
0
0
0
0
0
0
0
0
0
0
0
0
0
0
0
0
0
0
0
0
0
0
0
0
0
0
0
0
0
0
0
0
0
0
0
0
0
0
0
0
0
0
0
0
0
0
0
0
0
0
0
0
0
0
0
0
0
0
0
0
0
0
0
0
0
0
0
0
0
0
0
0
0
0
0
0
0
0
0
0
0
0
0
0
0
0
0
0
0
0
0
0
0
0
0
0
0
0
0
0
0
0
0
0
0
0
0
0
0
0
0
0
0
0
0
0
0
0
0
0
0
0
0
0
0
0
0
0
0
0
0
0
0
0
0
0
0
0
0
0
0
0
0
0
0
0
0
0
0
0
0
0
0
0
0
0
0
0
0
0
0
0
0
0
0
0
0
0
0
0
0
0
0
0
0
0
0
0
0
0
0
0
0
0
0
0
0
0
0
0
0
0
0
0
0
0
0
0
0
0
0
0
0
0
0
0
0
0
0
0
0
0
0
0
0
0
0
0
0
0
0
0
0
0
0
0
0
0
0
0
0
0
0
0
0
0
0
0
0
0
0
0
0
0
0
0
0
0
0
0
0
0
0
0
0
0
0
0
0
0
0
0
0
0
0
0
0
0
0
0
0
0
0
0
0
0
0
0
0
0
0
0
0
0
0
0
0
0
0
0
0
0
0
0
0
0
0
0
0
0
0
0
0
0
0
0
0
0
0
0
0
0
0
0
0
0
0
0
0
0
0
0
0
0
0
0
0
0
0
0
0
0
0
0
0
0
0
0
0
0
0
0
0
0
0
0
0
0
0
0
0
0
0
0
0
0
0
0
0
0
0
0
0
0
0
0
0
0
0
0
0
0
0
0
0
0
0
0
0
0
0
0
0
0
0
0
0
0
0
0
0
0
0
0
0
0
0
0
0
0
0
0
0
0
0
0
0
0
0
0
0
0
0
0
0
0
0
0
0
0
0
0
0
0
0
0
0
0
0
0
0
0
0
0
0
0
0
0
0
0
0
0
0
0
0
0
0
0
0
0
0
0
0
0
0
0
0
0
0
0
0
0
0
0
0
0
0
0
0
0
0
0
0
0
0
0
0
0
0
0
0
0
0
0
0
0
0
0
0
0
0
0
0
0
0
0
0
0
0
0
0
0
0
0
0
0
0
0
0
0
0
0
0
0
0
0
0
0
0
0
0
0
0
0
0
0
0
0
0
0
0
0
0
0
0
0
0
0
0
0
0
0
0
0
0
0
0
0
0
0
0
0
0
0
0
0
0
0
0
0
0
0
0
0
0
0
0
0
0
0
0
0
0
0
0
0
0
0
0
0
0
0
0
0
0
0
0
0
0
0
0
0
0
0
0
0
0
0
0
0
0
0
0
0
0
0
0
0
0
0
0
0
0
0
0
0
0
0
0
0
0
0
0
0
0
0
0
0
0
0
0
0
0
0
0
0
0
0
0
0
0
0
0
0
0
0
0
0
0
0
0
0
0
0
0
0
0
0
0
0
0
0
0
0
0
0
0
0
0
0
0
0
0
0
0
0
0
0
0
0
0
0
0
0
0
0
0
0
0
0
0
0
0
0
0
0
0
0
0
0
0
0
0
0
0
0
0
0
0
0
0
0
0
0
0
0
0
0
0
0
0
0
0
0
0
0
0
0
0
0
0
0
0
0
0
0
0
0
0
0
0
0
0
0
0
0
0
0
0
0
0
0
0
0
0
0
0
0
0
0
0
0
0
0
0
0
0
0
0
0
0
0
0
0
0
0
0
0
0
0
0
0
0
0
0
0
0
0
0
0
0
0
0
0
0
0
0
0
0
0
0
0
0
0
0
0
0
0
0
0
0
0
0
0
0
0
0
0
0
0
0
0
0
0
0
0
0
0
0
0
0
0
0
0
0
0
0
0
0
0
0
0
0
0
0
0
0
0
0
0
0
0
0
0
0
0
0
0
0
0
0
0
0
0
0
0
0
0
0
0
0
0
0
0
0
0
0
0
0
0
0
0
0
0
0
0
0
0
0
0
0
0
0
0
0
0
0
0
0
0
0
0
0
0
0
0
0
0
0
0
0
0
0
0
0
0
0
0
0
0
0
0
0
0
0
0
0
0
0
0
0
0
0
0
0
0
0
0
0
0
0
0
0
0
0
0
0
0
0
0
0
0
0
0
0
0
0
0
0
0
0
0
0
0
0
0
0
0
0
0
0
0
0
0
0
0
0
0
0
0
0
0
0
0
0
0
0
0
0
0
0
0
0
0
0
0
0
0
0
0
0
0
0
0
0
0
0
0
0
0
0
0
0
0
0
0
0
0
0
0
0
0
0
0
0
0
0
0
0
0
0
0
0
0
0
0
0
0
0
0
0
0
0
0
0
0
0
0
0
0
0
0
0
0
0
0
0
0
0
0
0
0
0
0
0
0
0
0
0
0
0
0
0
0
0
0
0
0
0
0
0
0
0
0
0
0
0
0
0
0
0
0
0
0
0
0
0
0
0
0
0
0
0
0
0
0
0
0
0
0
0
0
0
0
0
0
0
0
0
0
0
0
0
0
0
0
0
0
0
0
0
0
0
0
0
0
0
