0
0
0
0
0
0
0
0
0
0
0
0
0
0
0
0
0
0
0
0
0
0
0
0
0
0
0
0
0
0
0
0
0
0
0
0
0
0
0
0
0
0
0
0
0
0
0
0
0
0
0
0
0
0
0
0
0
0
0
0
0
0
0
0
0
0
0
0
0
0
0
0
0
0
0
0
0
0
0
0
0
0
0
0
0
0
0
0
0
0
0
0
0
0
0
0
0
0
0
0
0
0
0
0
0
0
0
0
0
0
1.49189
1.82184
0.497297
3.35276e-07
3.35276e-07
3.35276e-07
3.35276e-07
0.497297
0.497297
1.67638e-07
1.67638e-07
1.67638e-07
1.67638e-07
1.67638e-07
0.497297
0.880913
0.782874
2.41514
3.77626
3.36546
0
0
7.1516
8.84419
5.59911
0.420682
7.90062
9.30603
9.90594
9.84174
9.84174
7.50158
7.95236
5.41503
5.86581
0.520247
0.497297
0.497297
0.497297
0.497297
0.497297
0.497297
0.497297
5.27937
8.69381
9.52731
9.70767
8.95135
9.12006
9.00689
9.00689
8.78741
9.12006
8.12564
7.1516
8.05316
8.00327
8.45405
7.13077
7.50575
7.03019
6.89488
5.33615
0.520246
5.03145
7.3947
7.33784
5.75806
4.11963
4.05548
3.77804
2.0549
0.719549
0.420682
1.67638e-07
1.49189
1.49189
0
0
0
0
0
0
0
0
0
0
0
0
0
0
0
0
0
0
0
0
0
0
0
1.49189
1.72164
0.520247
0.329359
3.35276e-07
3.35276e-07
3.35276e-07
0.497297
0.497297
1.67638e-07
1.67638e-07
1.67638e-07
1.67638e-07
1.67638e-07
0.497297
1.08701
1.11994
1.24139
3.77508
3.97838
0
0
8.45405
8.57643
0.420682
0.546763
5.4204
9.42864
9.84174
9.36444
9.36444
7.55112
5.90089
0.329359
0.329359
0.420682
0.497297
0.497297
0.497297
0.497297
5.89233
7.47668
8.80133
9.60686
9.54433
9.76852
9.90594
9.90594
9.65039
9.88193
9.43115
9.76852
9.21893
7.73922
7.70836
8.00327
9.29497
7.1516
5.59911
0.329359
5.56914
5.07918
5.3799
0.719549
4.67549
7.76593
7.29193
5.30741
3.29789
3.41555
2.79213
1.74089
0.782874
0.497297
0.988078
1.56074
1.26205
0
0
0
0
0
0
0
0
0
0
0
0
0
0
0
0
0
0
0
0
0
0
0
1.49189
1.74815
0.520247
0.302843
0.329359
0.302843
0.329359
0.420682
0.520247
0.329359
1.67638e-07
1.67638e-07
1.67638e-07
1.67638e-07
0.497297
1.06049
2.1081
2.45919
4.17126
4.46093
3.29359
4.94039
8.63886
7.20574
0.523814
0.497297
5.92741
8.47405
9.36444
9.84174
9.84174
9.00417
5.45117
0
0
0
0
0
0
0
5.45117
9.00417
9.90594
9.81367
9.84019
9.81367
9.90594
9.90594
9.81367
9.74601
9.746
9.81367
8.92997
5.38852
5.31805
8.60992
9.35561
8.50394
5.14833
1.3411e-06
5.14833
6.89782
5.07918
0.693033
5.17532
7.14887
6.73988
4.75976
3.27736
3.2847
2.53997
0.685235
0.880913
0.497297
1.26205
1.56074
0.988078
0
0
0
0
0
0
0
0
0
0
0
0
0
0
0
0
0
0
0
0
0
0
0
1.49189
1.72164
0.520247
0.329359
0.420682
0.500232
0.420682
0.329359
0.520247
0.420682
1.67638e-07
1.67638e-07
1.67638e-07
1.67638e-07
0.497297
1.2389
2.13758
3.04256
4.15005
4.67306
3.02843
4.54264
8.63886
7.71772
0.520247
0.49078
0.420682
6.12378
7.81685
9.24511
9.24511
7.73509
6.01801
0
0
0
5.92847
5.45117
5.92847
0
5.92847
7.57228
8.95135
8.95135
8.95135
8.95135
9.84174
9.84174
9.90594
9.90594
9.90594
9.84174
8.95135
5.92741
5.87118
7.45016
8.7483
7.39681
5.79534
5.73015
7.25758
7.1516
5.56398
0.685235
0.520246
6.8306
6.65957
6.02322
5.11002
4.19732
2.56758
0.497297
0.880913
0.497297
1.49189
1.49189
0
0
0
0
0
0
0
0
0
0
0
0
0
0
0
0
0
0
0
0
0
0
0
0
1.49189
1.72164
0.520247
0.329359
0.420682
0.500232
0.420682
3.35276e-07
0.497297
0.497297
1.67638e-07
1.67638e-07
0.329359
0.420682
0.546763
1.11475
2.15445
2.32033
4.10968
4.34475
3.29359
4.94039
8.63886
7.29345
0.719549
0.658718
0.520246
6.22078
7.89673
9.29814
9.29814
7.84337
6.09726
0.497297
0.497297
0.420682
5.54072
7.4499
5.58146
0.497297
0.420682
0.329359
0
0
0
0
5.45117
9.10982
10.0015
10.028
10.028
9.0833
5.54072
0
0.329359
0.420682
0.497297
0.497297
0.497297
5.41503
7.18405
5.27937
0.602935
0.520247
5.33615
7.3257
7.15935
6.12929
5.26912
4.50626
2.63472
0.719549
0.782875
1.25181
1.56074
1.26205
0
0
0
0
0
0
0
0
0
0
0
0
0
0
0
0
0
0
0
0
0
0
0
0
1.26205
1.72164
1.2253
0.470781
0.517297
0.302843
0.329359
3.35276e-07
0.497297
0.497297
1.67638e-07
1.67638e-07
0.420682
0.546763
0.420682
1.15175
1.15175
2.30604
3.63995
3.18638
0
0
8.45405
8.87643
0.854396
0.47078
0.329359
5.75401
9.5044
10.4563
10.4563
9.4299
5.72253
0.497297
0.497297
0.520246
6.16009
5.6828
6.19427
0.497297
0.520246
0.520246
0.497297
0.497297
0.497297
0.497297
8.21239
9.5964
10.1703
10.1631
10.1631
8.76781
8.26763
0.420682
0.329359
0
0
0
0
5.92847
5.45011
5.85823
0.602935
0.520247
4.98215
8.2396
7.44535
5.60679
5.47372
4.09632
2.83371
0.854396
0.685235
1.17226
1.56074
1.3416
0
0
0
0
0
0
0
0
0
0
0
0
0
0
0
0
0
0
0
0
0
0
0
0
0.988078
1.56074
1.39437
0.470781
0.470781
0.329359
3.35276e-07
3.35276e-07
0.497297
0.497297
1.67638e-07
1.67638e-07
0.497297
0.497297
3.35276e-07
0.994594
0.994594
2.13692
3.4782
3.372
0
0
8.64607
9.0214
0.854396
6.25636
5.75401
9.95246
8.94483
10.3885
9.44864
7.99296
6.25783
0
0
0.329359
0.420682
0.420682
0.329359
0
0.329359
0.420682
0.497297
0.497297
0.497297
0.497297
5.71697
9.38016
9.35364
5.72253
5.72253
7.65823
5.72253
0.546763
0.420682
0
0
0
0
0
0
0.420682
0.520247
0.602935
5.50345
8.46487
7.1641
5.71286
4.70431
3.91386
2.33559
1.15175
0.520247
1.17602
1.56074
1.26205
0
0
0
0
0
0
0
0
0
0
0
0
0
0
0
0
0
0
0
0
0
0
0
0
0
1.49189
1.49189
0.329359
0.470781
0.520247
0.497297
0.497297
0.546763
0.420682
1.67638e-07
1.67638e-07
0.497297
0.497297
3.35276e-07
1.74879
2.46363
3.31896
3.90884
3.15987
0
0
8.78741
9.18506
0.735991
5.84316
7.89888
7.73314
7.89888
5.84316
0
6.25783
7.99296
9.44864
7.99296
6.25783
0
0
0
0
0
0
0
0
0
0
8.49678
9.88469
9.88469
8.49678
8.49678
7.48915
8.49678
0.420682
0.546763
0.497297
0.497297
0.497297
0.497297
0.420682
0.329359
0.329359
0.520247
0.71955
0.520247
8.05293
8.1833
4.41963
4.75439
3.66561
2.27016
1.11475
0.520247
0.329359
1.49189
1.49189
0
0
0
0
0
0
0
0
0
0
0
0
0
0
0
0
0
0
0
0
0
0
0
0
0
1.26205
1.56074
0.988078
0.329359
0.420682
0.497297
0.497297
0.420682
0.329359
1.67638e-07
1.67638e-07
0.420682
0.520247
0.329359
1.69576
2.87859
3.5713
3.71686
3.18638
0
0
8.78741
9.18506
0.900913
6.42578
6.019
8.89571
6.01128
6.38744
0
5.75401
9.5044
10.4563
9.5044
5.75401
0
0
0
0
0
0
0
0
0
0
5.75401
9.5044
9.5044
5.75401
5.75401
7.76927
5.75401
0.329359
0.420682
0.497297
0.497297
0.497297
0.497297
0.546763
0.420682
0
0.497297
0.658719
0.520247
6.90191
8.11979
5.1715
3.92524
3.08227
1.54624
1.08701
0.497297
0.988078
1.56074
1.26205
0
0
0
0
0
0
0
0
0
0
0
0
0
0
0
0
0
0
0
0
0
0
0
0
0
0.988078
1.56074
1.26205
0.988078
1.26205
1.49189
1.49189
1.26205
0.988078
1.67638e-07
1.67638e-07
0.329359
0.520247
0.420682
1.62371
2.48594
3.41107
3.55604
3.62751
0
0
8.81393
9.18506
0.96417
0.520247
0.447199
0.420682
0.546763
0.420682
0
6.25783
7.99296
9.44864
7.99296
6.25783
0
0
0
0
0
0
0
0
0
0.329359
6.38744
8.23696
8.15529
6.34697
6.25783
5.75401
6.25783
0
0
0
0
0
0
0.497297
0.497297
0
0.420682
0.71955
0.71955
7.24663
8.11979
5.10994
4.23356
3.00426
1.7421
0.782875
1.25181
1.41234
1.41234
0.988078
0
0
0
0
0
0
0
0
0
0
0
0
0
0
0
0
0
0
0
0
0
0
0
0
0
0
1.26205
1.64029
1.56074
1.56074
1.49189
1.49189
1.64029
1.26205
1.67638e-07
1.67638e-07
1.67638e-07
0.420682
0.520247
0.900913
1.2389
2.74734
4.22169
3.78614
0
0
8.78741
9.18506
0.990687
0.520247
0.497297
0.546763
0.420682
0.329359
0
0
0
0
0
0
0
0
0
0
0
0
0
0
0
0.302843
0.500232
0.55033
0.500232
0.302843
0
0
0
0
0
0
0
0
0
0.420682
0.546763
0.420682
0.517297
0.520247
0.782875
6.96131
8.01323
5.71287
3.6478
2.0326
1.79532
0.685235
1.55422
1.56074
0.988078
0
0
0
0
0
0
0
0
0
0
0
0
0
0
0
0
0
0
0
0
0
0
0
0
0
0
0
0.988078
1.26205
1.26205
0.988078
0
0
1.49189
1.49189
1.67638e-07
1.67638e-07
1.67638e-07
0.329359
0.520247
0.990687
1.18587
1.76228
4.2486
5.46494
3.63411
6.36906
9.15806
7.7971
0.685235
0.470781
0.523814
0.420682
0
0
0
0
0
0
0
0
0
0
0
0
0
0
0
0
0
0.329359
0.420682
0.497297
0.420682
0.329359
0
0
0
0
0
0
0
0
0
0.329359
0.420682
0.546763
0.420682
0.497297
1.08701
8.19282
7.65698
4.8004
3.09422
2.25196
1.84184
0.520247
1.72164
1.49189
0
0
0
0
0
0
0
0
0
0
0
0
0
0
0
0
0
0
0
0
0
0
0
0
0
0
0
0
0
0
0
0
0
0
1.49189
1.49189
1.67638e-07
1.67638e-07
1.67638e-07
1.67638e-07
0.497297
1.06049
1.2389
2.82689
4.34502
5.4905
6.03567
7.33515
9.0347
6.11506
0.497297
0.329359
0.302843
0.329359
0
0
0
0
0
0
0
0
0
0
0
0
0
0
0
0
0
0
0
0
0
0
0
0
0
0
0
0
0
0
0
0
0
0.497297
0.497297
0.497297
1.21239
8.13213
7.35371
4.75828
1.24139
2.21449
1.61023
0.520247
1.74815
1.49189
0
0
0
0
0
0
0
0
0
0
0
0
0
0
0
0
0
0
0
0
0
0
0
0
0
0
0
0
0
0
0
0
0
0.988078
1.56074
1.26205
1.67638e-07
1.67638e-07
1.67638e-07
1.67638e-07
0.497297
1.01459
1.11994
2.8116
4.42276
5.19416
6.1529
7.36167
9.0347
6.11506
0.497297
0
0
0
0
0
0
0
0
0
0
0
0
0
0
0
0
0
0
0
0
0
0
0
0
0
0
0
0
0
0
0
0
0
0
0.329359
0.420682
0.546763
0.420682
0.497297
5.79127
7.64167
6.51769
4.24363
1.54624
1.96137
1.47198
0.719549
1.72164
1.49189
0.988078
1.26205
1.49189
1.49189
1.26205
0.988078
0
0
0
0
0
0
0
0
0
0
0
0
0
0
0
0
0
0
0
0
0
0
0
0
0
0.988078
1.26205
1.56074
1.41234
0.988078
1.67638e-07
1.67638e-07
0.988078
1.26205
1.55422
1.4674
0.497297
2.98166
4.43326
5.51176
5.17859
6.19734
9.32603
7.85394
0.420682
0
0
0
0
0
0
0
0
0
0
0
0
0
0
0
0
0
0
0
0
0
0
0
0
0
0
0
0
0
0
0
0
0.329359
0.420682
0.520246
0.520246
0.420682
0.517297
0.735991
7.24643
7.90205
5.59186
3.3468
1.54294
1.86835
1.34364
1.43258
1.82125
1.26205
1.26205
1.64029
1.49189
1.49189
1.64029
1.26205
0
0
0
0
0
0
0
0
0
0
0
0
0
0
0
0
0
0
0
0
0
0
0
0
0.988078
1.41234
1.56074
1.26205
0.988078
1.67638e-07
1.67638e-07
1.67638e-07
1.26205
1.64029
2.01485
1.81473
0.470781
2.95514
4.51281
4.72245
5.92704
6.54771
9.48734
7.85394
0.447198
0
0
0
0.329359
0.302843
0.329359
0
0
0
0
0
0
0
0
0.329359
0.420682
0.497297
0.497297
0.420682
0.329359
0
0
0
0
0
0
0
0
0
0
0
0
0.420682
0.546763
0.420682
0.329359
0
0.420682
5.81356
8.90254
7.5044
5.0617
1.44883
1.53841
1.72089
1.32395
1.6886
1.7421
0.988078
1.49189
1.49189
1.67638e-07
1.67638e-07
1.49189
1.49189
0
0
0
0
0
0
0
0
0
0
0
0
0
0
0
0
0
0
0
0
0
0
0
0
1.26205
1.56074
0.988078
1.67638e-07
1.67638e-07
1.67638e-07
1.67638e-07
1.67638e-07
1.49189
1.49189
1.84042
2.17713
0.914398
2.56736
4.32189
4.62421
6.86991
8.47806
7.43038
6.20168
0.302842
0
0
0.329359
0.470781
0.520247
0.470781
0.329359
0.329359
0.420682
0.497297
0.420682
0.329359
0
0
0.420682
0.546763
0.497297
0.497297
0.546763
0.420682
0
0
0
0
0
0
0
0
0
0
0
0.329359
0.520246
0.420682
0
0
0
0.497297
5.35076
8.66213
7.77855
5.06292
1.72089
1.4191
1.7621
1.45198
1.63675
1.49189
0
1.49189
1.49189
1.67638e-07
0.988078
1.56074
1.26205
0
0
0
0
0
0
0
0
0
0
0
0
0
0
0
0
0
0
0
0
0
0
0
0
1.26205
1.56074
0.988078
1.67638e-07
1.67638e-07
1.67638e-07
1.67638e-07
0.988078
1.56074
1.26205
1.70089
2.25196
1.11475
1.94458
4.0517
5.58681
6.93709
7.29859
5.88271
1.45198
0.329359
0
0
0.420682
0.520247
0.447199
0.520247
0.420682
0.420682
0.546763
0.497297
0.546763
0.420682
0
0
0.497297
0.497297
1.3411e-06
1.3411e-06
0.497297
0.497297
0
0
0.329359
0.302843
0.329359
0
0
0
0
0
0
0.420682
0.520246
0.329359
0
0
0
0.497297
5.79535
8.33381
7.14825
5.24854
1.80219
1.40232
1.74815
1.49189
1.49189
1.49189
0
1.26205
1.64029
1.26205
1.26205
1.56074
1.3416
0
0
0
0
0
0
0
0
0
0
0
0
0
0
0
0
0
0
0
0
0
0
0
0
0.988078
1.41234
1.56074
1.26205
0.988078
1.67638e-07
0.988078
1.41234
1.41234
0.988078
1.49189
2.21449
1.24139
0.990687
3.52805
5.47746
6.70462
8.10997
7.57775
1.35017
0
0.329359
0.420682
0.546763
0.420682
1.3411e-06
0.497297
0.546763
0.520247
0.420682
1.3411e-06
0.420682
0.520247
0.329359
0
0.497297
0.497297
1.3411e-06
1.3411e-06
0.497297
0.497297
0
0.329359
0.470781
0.523814
0.420682
0
0
0
0
0
0
0.497297
0.497297
0
0
0
0
0.497297
0.497297
7.12235
8.05091
6.04512
4.09423
2.74319
2.27601
2.21893
1.64029
1.26205
0
0.988078
1.26205
1.64029
1.49189
1.41234
1.41234
0.988078
0
0
0
0
0
0
0
0
0
0
0
0
0
0
0
0
0
0
0
0
0
0
0
0
0.988078
1.26205
1.64029
1.26205
1.67638e-07
1.26205
1.56074
0.988078
0
1.49189
2.21449
1.15175
1.2431
3.92497
5.34757
5.04819
8.57455
9.00603
1.21239
0
0.420682
0.546763
0.420682
0.329359
1.3411e-06
0.497297
0.546763
0.520247
0.329359
1.3411e-06
0.329359
0.520247
0.420682
0
0.497297
0.497297
1.3411e-06
1.3411e-06
0.497297
0.497297
0
0.420682
0.520247
0.546763
0.497297
0
0
0
0
0
0
0.497297
0.497297
0
0.329359
0.420682
0.420682
5.99167
5.3732
8.23776
8.00956
6.02955
4.57153
2.65035
2.75547
2.61726
1.26205
0.988078
0
0
0
1.49189
1.49189
0.988078
1.56074
1.26205
0
0
0
0
0
0
0
0
0
0
0
0
0
0
0
0
0
0
0
0
0
0
0
0
0
0
1.26205
1.64029
1.49189
1.64029
1.26205
0
0
1.49189
2.09364
0.970687
1.49608
3.38488
4.18052
2.96423
8.29035
9.00603
1.21239
0
0.497297
0.497297
1.3411e-06
1.3411e-06
0.329359
0.520247
0.546763
0.497297
1.3411e-06
1.3411e-06
1.3411e-06
0.497297
0.497297
0
0.497297
0.497297
1.3411e-06
0.329359
0.520247
0.420682
0
0.420682
0.546763
0.546763
0.420682
0
0
0
0
0
0.329359
0.520246
0.420682
0
0.420682
0.546763
0.546763
5.58595
8.22757
7.57816
7.18416
5.84775
3.98821
2.87932
3.0303
2.21476
0
0
0
0
0
1.49189
1.49189
0.988078
1.56074
1.26205
0
0
0
0
0
0
0
0
0
0
0
0
0
0
0
0
0
0
0
0
0
0
0
0
0
0
0.988078
1.26205
1.49189
1.26205
0.988078
0
0
1.49189
1.98789
0.933467
1.60726
2.95371
4.41168
6.08781
8.48691
7.5785
1.35017
0
0.497297
0.497297
1.3411e-06
1.3411e-06
0.420682
0.520247
0.546763
0.497297
1.3411e-06
1.3411e-06
1.3411e-06
0.497297
0.497297
0
0.497297
0.497297
1.3411e-06
0.420682
0.520247
0.329359
0
0.329359
0.420682
0.420682
0.329359
0
0
0
0
0
0.420682
0.520246
0.329359
0.329359
0.520246
0.420682
0.420682
6.14645
7.02909
7.26172
6.00785
4.12287
3.27451
2.19713
2.99868
1.94308
0
0
0
0
0
1.49189
1.49189
1.26205
1.56074
0.988078
0
0
0
0
0
0
0
0
0
0
0
0
0
0
0
0
0
0
0
0
0
0
0
0
0
0
0
0
0
0
0
0
0
1.49189
1.82184
0.880913
1.67983
1.80871
4.31456
6.9783
8.32395
5.96136
1.49189
0
0.497297
0.497297
1.3411e-06
1.3411e-06
0.420682
0.520247
0.546763
0.497297
1.3411e-06
1.3411e-06
0.329359
0.520247
0.420682
0
0.420682
0.546763
0.497297
0.546763
0.420682
0
0
0
0
0
0
0
0
0
0
0
0.420682
0.520246
0.329359
0.420682
0.520246
0.329359
0.329359
1.18253
5.94332
4.99551
6.00238
4.93832
2.89958
2.08793
2.70319
1.49189
0
0
0
0
0
1.49189
1.49189
1.49189
1.49189
0
0
0
0
0
0
0
0
0
0
0
0
0
0
0
0
0
0
0
0
0
0
0
0
0
0
0
0
0
0
0
0
0
0
1.49189
1.82184
0.880913
1.82184
1.82184
3.70278
6.9108
6.98805
1.45198
1.35017
0
0.497297
0.497297
1.3411e-06
1.3411e-06
0.329359
0.520247
0.546763
0.497297
1.3411e-06
1.3411e-06
0.420682
0.520247
0.329359
0
0.329359
0.420682
0.497297
0.420682
0.329359
0
0
0
0
0
0
0
0
0
0
0
0.329359
0.520246
0.497297
0.520246
0.420682
0
0
1.18587
1.67274
5.38906
6.20245
4.74563
2.7299
1.76815
2.28253
1.49189
0
0
0
0
0
1.26205
1.64029
1.64029
1.26205
0
0
0
0
0
0
0
0
0
0
0
0
0
0
0
0
0
0
0
0
0
0
0
0
0
0
0
0
0
0
0
0
0
0
1.49189
1.82184
0.782875
1.88587
2.18516
3.11435
4.91497
5.75821
1.56946
1.21239
0
0.497297
0.497297
1.3411e-06
0.329359
0.420682
0.546763
0.546763
0.497297
1.3411e-06
1.3411e-06
0.497297
0.497297
0
0
0
0
0
0
0
0
0
0
0
0
0
0
0
0
0
0
0
0.420682
0.523813
0.47078
0.329359
0
0
1.37668
1.80871
4.93016
5.70801
3.94786
2.02388
1.23181
1.98789
1.49189
0
0
0
0
0
0.988078
1.26205
1.26205
0.988078
0
0
0
0
0
0
0
0
0
0
0
0
0
0
0
0
0
0
0
0
0
0
0
0
0
0
0
0
0
0
0
0
0
0
1.49189
1.82184
0.685235
1.94137
2.41986
1.14646
4.61265
5.51331
6.02103
0.994594
0
0.420682
0.546763
0.497297
0.520247
0.520247
0.420682
0.546763
0.497297
1.3411e-06
0.329359
0.520247
0.420682
0
0
0
0
0
0
0
0
0
0
0
0
0
0
0
0
0
0
0
0.329359
0.302842
0.329359
0
0
0
1.35017
1.98182
5.28547
4.6232
4.02916
2.18797
1.82219
1.9353
1.26205
0
0
0
0
0
0
0
0
0
0
0
0
0
0
0
0
0
0
0
0
0
0
0
0
0
0
0
0
0
0
0
0
0
0
0
0
0
0
0
0
0
0
0
1.49189
1.82184
0.685235
1.79532
2.41001
1.4391
3.87973
6.39623
5.90204
0.994594
0
0.329359
0.420682
0.497297
0.420682
0.329359
0
0.420682
0.546763
0.497297
0.520247
0.470781
0.329359
0
0
0
0
0
0
0
0
0
0
0
0
0
0
0
0
0
0
0
0
0
0
0
0
0
1.70089
2.13865
1.67274
2.57952
3.28441
2.27256
1.99085
1.98919
0.988078
0
0
0
0
0
0
0
0
0
0
0
0
0
0
0
0
0
0
0
0
0
0
0
0
0
0
0
0
0
0
0
0
0
0
0
0
0
0
0
0
0
0
0
1.49189
1.82184
0.782875
1.60726
2.29848
1.67274
3.70316
5.13704
6.33631
0.994594
0
0
0
0
0
0
0
0.329359
0.420682
0.497297
0.420682
0.329359
0
0
0
0
0
0
0
0
0
0
0
0
0
0
0
0
0
0
0
0
0
0
0
0
0
0.329359
1.79532
2.0326
1.4391
2.94603
3.59759
2.01507
2.1275
1.98919
0
0
0
0
0
0
0
0
0
0
0
0
0
0
0
0
0
0
0
0
0
0
0
0
0
0
0
0
0
0
0
0
0
0
0
0
0
0
0
0
0
0
0
0
1.49189
1.82184
0.880913
1.3416
2.07646
1.80871
1.74089
2.63016
3.02378
1.47198
0
0
0
0
0
0
0
0
0
0
0
0
0
0
0
0
0
0
0
0
0
0
0
0
0
0
0
0
0
0
0
0
0
0
0
0
0.329359
0.47078
1.79532
1.84184
1.82871
3.188
3.208
1.76861
1.89005
1.98919
0.988078
0
0
0
0
0
0
0
0
0
0
0
0
0
0
0
0
0
0
0
0
0
0
0
0
0
0
0
0
0
0
0
0
0
0
0
0
0
0
0
0
0
0
0
1.26205
1.9353
1.62726
1.3416
2.07646
1.70089
2.18686
2.51495
2.5005
1.73576
0
0
0
0.329359
0.420682
0.420682
0.329359
0
0
0
0
0
0
0
0
0
0
0
0
0
0
0
0
0
0
0
0
0
0
0.329359
0.420682
0.420682
0.329359
0
0
0.329359
0.47078
0.47078
1.49608
1.45198
2.26604
3.36488
3.017
1.89958
1.53972
1.82125
1.26205
0
0
0
0
0
0
0
0
0
0
0
0
0
0
0
0
0
0
0
0
0
0
0
0
0
0
0
0
0
0
0
0
0
0
0
0
0
0
0
0
0
0
0
0.988078
1.98919
1.98267
1.3416
3.0248
3.23404
4.67163
2.28287
2.1275
1.98919
0
0
0.329359
0.47078
0.520246
0.520246
0.47078
0.329359
0
0
0
0
0
0
0
0
0
0
0
0
0
0
0
0
0
0
0
0
0
0.420682
0.546763
0.546763
0.420682
0
0.329359
0.47078
0.47078
0.517297
1.3416
1.67845
3.1893
3.25426
2.32939
2.0326
0.735991
1.63675
1.49189
0
0
0
0
0
0
0
0
0
0
0
0
0
0
0
0
0
0
0
0
0
0
0
0
0
0
0
0
0
0
0
0
0.988078
0.908528
0.988078
0
0
0
0
0
0
0
0
0
1.84042
2.17713
1.56946
2.66809
3.75486
4.32531
2.25698
2.43943
2.19337
0
0
0.420682
0.520246
0.329359
0.329359
0.47078
0.47078
0.329359
0
0
0
0
0
0
0
0
0.329359
0.302842
0.447198
0.302842
0.329359
0
0
0.329359
0.420682
0.497297
0.420682
0.329359
0.497297
0.497297
0.420682
0.546763
0.497297
0.520246
0.47078
0.329359
0.420682
1.26962
2.21713
3.21481
2.94193
2.30905
1.92458
0.520247
1.63675
1.49189
0
0
0
0
0
0
0
0
0
0
0
0
0
0
0
0
0
0
0
0
0
0
0
0
0
0
0
0
0
0
0
0
0.908528
1.22673
0.908528
0
0
0
0
0
0
0
0
0
1.51272
2.17713
2.35452
3.2094
3.59448
5.44791
2.15865
2.73977
2.5485
0
0.329359
0.520246
0.420682
0
0
0.329359
0.520246
0.420682
0
0
0
0
0
0
0
0.329359
0.47078
0.520246
0.520246
0.523813
0.420682
6.25783
5.75401
6.22634
0.546763
0.497297
0.520246
0.520246
0.546763
0.420682
0.329359
0.420682
0.497297
0.420682
0.329359
0
0.497297
2.0557
2.53923
2.77547
2.28253
2.01507
1.63675
0.520247
1.72164
1.49189
0
0
0
0
0
0
0
0
0
0
0
0
0
0
0
0
0
0
0
0
0
0
0
0
0
0
0
0
0
0
0
0
0.988078
0.908528
0.988078
0
0
0
0
0
0
0
0
0
0.988078
1.76087
3.01625
3.35314
3.58502
3.91917
1.97946
2.64791
2.71416
0.894397
0.854396
0.854396
0.602935
0.329359
0
0
0.420682
0.546763
0.420682
0.329359
0.329359
0.420682
0.497297
0.497297
0.497297
0.520246
0.47078
0.447198
0.302842
0.546763
0.497297
5.75401
7.76927
5.71697
0.497297
0
0.329359
0.420682
0.420682
0.329359
0
0
0.329359
0.302843
0.329359
0
0.497297
2.43711
2.96262
2.19402
1.65845
1.9553
1.45198
1.4674
1.9353
1.26205
0
0
0
0
0
0
0
0
0
0
0
0
0
0
0
0
0
0
0
0
0
0
0
0
0
0
0
0
0
0
0
0
0
0
0
0
0
0
0
0
0
0
0
0
0
1.31744
3.2668
3.91491
2.9398
3.99787
1.79532
2.35855
2.59226
1.78879
1.67274
1.5226
1.40232
1.45198
1.49189
1.49189
1.63675
1.72164
1.60542
1.31712
1.01459
1.2053
1.3416
1.3416
1.21239
0.92695
0.517297
0
0
0.420682
0.520246
6.25286
5.72253
6.18218
0.576418
0.329359
0
0.329359
0.420682
0.497297
0.735991
0.867881
0.854397
0.735991
0.520247
0.497297
0.746066
2.8582
2.83168
1.56575
1.69926
1.87488
1.60726
1.76229
1.85935
0.988078
0
0
0
0
0
0
0
0
0
0
0
0
0
0
0
0
0
0
0
0
0
0
0
0
0
0
0
0
0
0
0
0
0
0
0
0
0
0
0
0
0
0
0
0
0
0
3.0389
3.92927
1.78228
1.76815
1.60726
1.60817
1.80219
1.33508
1.21239
0.994594
1.3616
1.58074
1.82184
1.72164
1.63675
1.49189
1.7421
1.82125
1.73531
1.60726
1.3416
1.3416
1.35047
1.29712
1.18253
0.994595
1.21239
1.20836
1.2253
0.719549
1.06049
1.34395
1.47198
1.45198
1.49189
1.45198
1.40232
1.3416
1.35047
1.35047
1.23181
1.26791
1.24139
1.3416
1.24139
2.74293
2.63622
1.60726
1.67983
1.89958
2.40016
2.08414
1.51272
0
0
0
0
0
0
0
0
0
0
0
0
0
0
0
0
0
0
0
0
0
0
0
0
0
0
0
0
0
0
0
0
0
0
0
0
0
0
0
0
0
0
0
0
0
0
0
2.44192
3.56103
2.40349
2.33907
1.84836
0.990687
0.854397
0.520247
0.420682
0.329359
0.420682
0.546763
0.497297
0.520247
0.520247
0.497297
1.17602
1.39437
1.2706
1.0263
0.497297
0.497297
0.735991
1.09343
1.26962
1.3416
1.40232
1.49972
1.72164
1.58074
1.59227
1.29712
1.3416
1.49608
1.72164
1.67983
1.54624
1.3416
1.21239
1.08701
1.08701
1.21239
1.24139
1.15175
1.0263
2.34985
2.06142
1.35017
1.80871
3.01469
3.01625
1.62134
0.988078
0
0
0
0
0
0
0
0
0
0
0
0
0
0
0
0
0
0
0
0
0
0
0
0
0
0
0
0
0
0
0
0
0
0
0
0
0
0
0
0
0
0
0
0
0
0
0
2.08793
3.08074
2.28128
2.79388
2.16686
0.685235
0.685235
0.420682
0.520247
0.470781
0.546763
0.497297
0
0.329359
0.420682
0.497297
0.546763
0.420682
1.3411e-06
1.3411e-06
1.3411e-06
1.3411e-06
1.3411e-06
0.329359
0.420682
0.497297
0.420682
1.16127
1.46669
1.58074
1.26139
0.693033
0.329359
0.420682
0.546763
0.497297
0.497297
0.497297
0.497297
0.497297
0.497297
0.497297
0.520247
0.520247
0.520247
1.79532
1.84184
1.18253
1.84184
3.58438
3.23789
0.988078
0
0
0
0
0
0
0
0
0
0
0
0
0
0
0
0
0
0
0
0
0
0
0
0
0
0
0
0
0
0
0
0
0
0
0
0
0
0
0
0
0
0
0
0
0
0
0
0
1.84042
2.67427
1.9511
3.16076
2.48649
0.497297
0.497297
0
0.329359
0.520247
0.546763
0.497297
0
0
0
0
0.497297
0.497297
1.3411e-06
1.3411e-06
1.3411e-06
1.3411e-06
1.3411e-06
1.3411e-06
1.3411e-06
1.3411e-06
1.3411e-06
0.420682
0.55033
0.523814
0.302843
1.3411e-06
1.3411e-06
0.420682
0.520247
0.329359
0
0
0
0
0
0
0.329359
0.420682
0.420682
1.63675
1.72164
1.39668
1.89958
3.84772
3.18286
0
0
0
0
0
0
0
0
0
0
0
0
0
0
0
0
0
0
0
0
0
0
0
0
0
0
0
0
0
0
0
0
0
0
0
0
0
0
0
0
0
0
0
0
0
0
0
0
0
1.84042
2.55177
1.7621
3.28441
2.8582
0.685235
0.497297
0
0
0.420682
0.500232
0.420682
0
0
0
0
0.420682
0.520247
0.329359
0.329359
0.420682
0.497297
0.497297
0.497297
0.497297
0.497297
0.497297
0.546763
0.470781
0.523814
0.497297
0.329359
1.3411e-06
0.447199
0.520247
0.302843
0
0
0
0
0
0
0
0
0
1.70089
1.88587
1.49321
2.47129
3.59759
2.60364
0
0
0
0
0
0
0
0
0
0
0
0
0
0
0
0
0
0
0
0
0
0
0
0
0
0
0
0
0
0
0
0
0
0
0
0
0
0
0
0
0
0
0
0
0
0
0
0
0
1.70089
2.42166
1.65675
3.32766
3.07354
0.782875
0.497297
0
0
0.329359
0.302843
0.329359
0
0
0
0
0.329359
0.470781
0.470781
0.497297
0.546763
0.497297
0.497297
0.497297
0.497297
0.497297
0.497297
0.420682
0.447199
0.420682
0.546763
0.420682
1.3411e-06
0.420682
0.520247
0.329359
0
0
0
0
0
0
0
0
0
1.55422
1.87958
2.35001
2.82333
2.97216
2.20797
0
0
0
0
0
0
0
0
0
0
0
0
0
0
0
0
0
0
0
0
0
0
0
0
0
0
0
0
0
0
0
0
0
0
0
0
0
0
0
0
0
0
0
0
0
0
0
0
0
1.49189
2.21449
1.3416
3.29332
3.19396
0.933467
0.735991
0
0
0
0
0
0
0
0
0
0
0.329359
0.470781
0.523814
0.420682
0
0
0
0
0
0
0
0
0
0.420682
0.546763
0.497297
0.546763
0.420682
0
0
0
0
0
0
0
0
0
0
1.47198
1.86693
2.6899
3.1532
2.59829
1.49189
0
0
0
0
0
0
0
0
0
0
0
0
0
0
0
0
0
0
0
0
0
0
0
0
0
0
0
0
0
0
0
0
0
0
0
0
0
0
0
0
0
0
0
0
0
0
0
0
0
1.49189
2.21449
1.3416
2.90554
3.05765
1.63469
0.867881
0
0.329359
0.302843
0.329359
0
0
0.329359
0.302843
0.329359
0
0
0.329359
0.302843
0.329359
0
0
0
0
0
0
0
0
0
0.329359
0.420682
0.497297
0.420682
0.329359
0
0
0
0
0
0
0
0
0
0
1.75531
2.553
3.13891
3.37836
2.22544
1.26205
0
0
0
0
0
0
0
0
0
0
0
0
0
0
0
0
0
0
0
0
0
0
0
0
0
0
0
0
0
0
0
0
0
0
0
0
0
0
0
0
0
0
0
0
0
0
0
0
0
1.49189
2.21449
1.3416
2.51014
2.56319
2.01409
1.70497
0.497297
0.520247
0.523814
0.420682
0
0.329359
0.470781
0.520247
0.520247
0.420682
0.329359
0
0
0
0
0
0
0.329359
0.302843
0.329359
0
0
0
0
0
0
0
0
0
0
0
0
0
0
0
0
0
0
2.62809
3.31332
2.7661
3.26133
2.17713
0.988078
0
0
0
0
0
0
0
0
0
0
0
0
0
0
0
0
0
0
0
0
0
0
0
0
0
0
0
0
0
0
0
0
0
0
0
0
0
0
0
0
0
0
0
0
0
0
0
0
0
1.49189
2.21449
1.3416
1.82184
2.0557
1.96204
2.00919
1.54624
1.24139
1.21239
1.08701
0.894398
0.854397
1.06049
0.990687
0.92695
0.71955
0.520247
0.497297
0.497297
0.497297
0.420682
0.329359
0
0.420682
0.523814
0.470781
0.329359
0
0
0
0
0
0
0
0
0.329359
0.420682
0.420682
0.329359
0
0
0
0
0.329359
3.13402
3.46381
1.78183
2.85115
1.98919
0
0
0
0
0
0
0
0
0
0
0
0
0
0
0
0
0
0
0
0
0
0
0
0
0
0
0
0
0
0
0
0
0
0
0
0
0
0
0
0
0
0
0
0
0
0
0
0
0
0
1.49189
2.21449
1.3416
1.82184
1.49189
1.33508
1.56166
1.40231
1.3416
1.54624
1.58074
1.53841
1.23181
1.31613
1.23181
1.4191
1.60726
1.58074
1.54624
1.3416
1.3416
1.40232
1.65845
1.84042
1.91239
1.82184
1.65331
1.65845
1.49189
1.49189
1.49189
1.49189
1.70089
1.84042
1.98919
1.84042
1.65845
1.40232
1.40232
1.45198
1.70089
1.67437
1.86693
1.84042
1.94137
3.24755
3.1315
1.54624
2.67427
1.84042
0
0
0
0
0
0
0
0
0
0
0
0
0
0
0
0
0
0
0
0
0
0
0
0
0
0
0
0
0
0
0
0
0
0
0
0
0
0
0
0
0
0
0
0
0
0
0
0
0
0
1.49189
2.21449
1.24139
1.88587
1.70089
0.497297
0.685235
0.420682
0.497297
0.735991
1.09343
1.03398
0.900913
0.693033
0.879689
1.11475
1.35017
1.42883
1.24139
0.994594
0.994594
1.21239
1.58074
1.91239
1.84042
1.70089
1.63377
1.58074
1.49189
1.49189
1.49189
1.49189
1.72164
1.91239
1.98919
1.94137
1.7421
1.54624
1.54624
1.67983
1.88587
1.88587
1.94137
1.94137
1.84042
2.73641
2.71427
1.56575
2.533
1.70089
0
0
0
0
0
0
0
0
0
0
0
0
0
0
0
0
0
0
0
0
0
0
0
0
0
0
0
0
0
0
0
0
0
0
0
0
0
0
0
0
0
0
0
0
0
0
0
0
0
0
1.49189
2.21449
1.15175
1.94137
1.84042
0.497297
0.497297
6.70552e-07
6.70552e-07
6.70552e-07
0.329359
0.47078
0.520247
0.546763
0.420682
6.70552e-07
6.70552e-07
0.497297
0.497297
0.329359
0.420682
0.497297
0.520246
0.520247
0.497297
0.420682
0.497297
0.520246
0.329359
6.70552e-07
6.70552e-07
6.70552e-07
0.497297
0.497297
6.70552e-07
0.329359
0.420682
0.497297
0.497297
0.497297
0.420682
0.447199
0.302843
0.329359
6.70552e-07
1.84042
2.17713
1.56946
2.39158
1.49189
0
0
0
0
0
0
0
0
0
0
0
0
0
0
0
0
0
0
0
0
0
0
0
0
0
0
0
0
0
0
0
0
0
0
0
0
0
0
0
0
0
0
0
0
0
0
0
0
0
0
1.49189
2.21449
1.15175
1.79532
1.79532
0.685235
0.497297
0.329359
0.302843
0.329359
6.70552e-07
0.329359
0.420682
0.420682
0.329359
6.70552e-07
6.70552e-07
0.420682
0.546763
0.520247
0.520247
0.497297
0.520246
0.520246
0.497297
0.520246
0.520247
0.546763
0.420682
6.70552e-07
6.70552e-07
0.329359
0.520246
0.420682
6.70552e-07
6.70552e-07
6.70552e-07
6.70552e-07
6.70552e-07
6.70552e-07
6.70552e-07
6.70552e-07
6.70552e-07
6.70552e-07
0.329359
1.94137
2.16074
1.3416
2.21449
1.49189
0
0
0
0
0
0
0
0
0
0
0
0
0
0
0
0
0
0
0
0
0
0
0
0
0
0
0
0
0
0
0
0
0
0
0
0
0
0
0
0
0
0
0
0
0
0
0
0
0
0
1.49189
2.09364
1.24139
1.9261
1.65845
0.658718
0.497297
0.420682
0.500232
0.420682
6.70552e-07
6.70552e-07
6.70552e-07
6.70552e-07
6.70552e-07
6.70552e-07
6.70552e-07
0.329359
0.420682
0.420682
0.329359
6.70552e-07
0.497297
0.497297
6.70552e-07
0.329359
0.47078
0.520246
0.47078
0.329359
6.70552e-07
0.420682
0.520247
0.329359
6.70552e-07
6.70552e-07
6.70552e-07
6.70552e-07
6.70552e-07
6.70552e-07
6.70552e-07
6.70552e-07
6.70552e-07
6.70552e-07
0.420682
1.88587
2.02388
1.3416
2.21449
1.49189
0
0
0
0
0
0
0
0
0
0
0
0
0
0
0
0
0
0
0
0
0
0
0
0
0
0
0
0
0
0
0
0
0
0
0
0
0
0
0
0
0
0
0
0
0
0
0
0
0
0
1.26205
2.11065
1.91958
1.84125
1.60726
0.71955
0.546763
0.546763
0.546763
0.497297
6.70552e-07
6.70552e-07
6.70552e-07
6.70552e-07
6.70552e-07
6.70552e-07
6.70552e-07
6.70552e-07
6.70552e-07
6.70552e-07
6.70552e-07
6.70552e-07
0.420682
0.546763
0.497297
0.420682
0.523813
0.49373
0.49373
0.520247
0.420682
0.546763
0.497297
6.70552e-07
6.70552e-07
6.70552e-07
6.70552e-07
6.70552e-07
6.70552e-07
6.70552e-07
6.70552e-07
6.70552e-07
6.70552e-07
6.70552e-07
0.497297
1.82184
1.82184
2.0557
2.35514
1.26205
0
0
0
0
0
0
0
0
0
0
0
0
0
0
0
0
0
0
0
0
0
0
0
0
0
0
0
0
0
0
0
0
0
0
0
0
0
0
0
0
0
0
0
0
0
0
0
0
0
0
0.988078
1.98919
2.0549
2.07646
1.96137
0.602935
0.420682
0.420682
0.546763
0.497297
6.70552e-07
6.70552e-07
6.70552e-07
6.70552e-07
6.70552e-07
6.70552e-07
6.70552e-07
6.70552e-07
6.70552e-07
6.70552e-07
6.70552e-07
6.70552e-07
0.329359
0.420682
0.497297
0.546763
0.520246
0.520247
0.447199
0.420682
0.520246
0.523813
0.420682
6.70552e-07
6.70552e-07
6.70552e-07
6.70552e-07
6.70552e-07
6.70552e-07
6.70552e-07
6.70552e-07
6.70552e-07
6.70552e-07
6.70552e-07
0.497297
2.02388
1.88587
2.34211
2.44363
0.988078
0
0
0
0
0
0
0
0
0
0
0
0
0
0
0
0
0
0
0
0
0
0
0
0
0
0
0
0
0
0
0
0
0
0
0
0
0
0
0
0
0
0
0
0
0
0
0
0
0
0
0
1.84042
2.0681
1.92878
2.25601
1.01459
0.329359
0
0.497297
0.497297
6.70552e-07
6.70552e-07
6.70552e-07
6.70552e-07
6.70552e-07
6.70552e-07
6.70552e-07
6.70552e-07
6.70552e-07
6.70552e-07
6.70552e-07
6.70552e-07
6.70552e-07
6.70552e-07
6.70552e-07
0.420682
0.500232
0.420682
6.70552e-07
6.70552e-07
0.329359
0.302843
0.329359
6.70552e-07
6.70552e-07
6.70552e-07
6.70552e-07
6.70552e-07
6.70552e-07
6.70552e-07
6.70552e-07
6.70552e-07
6.70552e-07
0.329359
0.735991
2.0326
1.94308
2.57501
2.33364
0
0
0
0
0
0
0
0
0
0
0
0
0
0
0
0
0
0
0
0
0
0
0
0
0
0
0
0
0
0
0
0
0
0
0
0
0
0
0
0
0
0
0
0
0
0
0
0
0
0
0
0
1.51272
1.82125
2.29599
2.30801
2.00919
1.79532
1.58074
1.60726
1.76861
1.84042
1.70089
1.49189
1.49189
1.35017
1.21239
0.841365
0.658719
6.70552e-07
6.70552e-07
6.70552e-07
6.70552e-07
6.70552e-07
6.70552e-07
6.70552e-07
0.517297
0.576418
0.602935
0.329359
6.70552e-07
6.70552e-07
6.70552e-07
6.70552e-07
6.70552e-07
6.70552e-07
6.70552e-07
6.70552e-07
6.70552e-07
6.70552e-07
6.70552e-07
0.329359
0.420682
0.497297
0.520247
0.756358
3.25451
3.26225
2.58481
1.92964
0
0
0
0
0
0
0
0
0
0
0
0
0
0
0
0
0
0
0
0
0
0
0
0
0
0
0
0
0
0
0
0
0
0
0
0
0
0
0
0
0
0
0
0
0
0
0
0
0
0
0
0
0.988078
1.56074
2.02919
1.69274
1.62542
1.76861
1.70089
1.80879
2.0326
2.2835
2.25196
2.09364
1.98789
1.80871
1.78879
1.86693
1.70879
1.3958
0.735991
0.497297
0.497297
0.735991
0.666517
0.658719
0.420682
0.762507
0.693033
0.709474
0.329359
6.70552e-07
0.329359
0.420682
0.420682
0.329359
6.70552e-07
6.70552e-07
6.70552e-07
6.70552e-07
6.70552e-07
0.420682
0.546763
0.497297
0.420682
0.900913
3.65521
3.72649
1.92964
1.31744
0
0
0
0
0
0
0
0
0
0
0
0
0
0
0
0
0
0
0
0
0
0
0
0
0
0
0
0
0
0
0
0
0
0
0
0
0
0
0
0
0
0
0
0
0
0
0
0
0
0
0
0
0.988078
1.56074
1.81473
0.970687
0.517297
0.47078
0.719549
0.693033
0.746066
0.746066
0.853173
0.933946
0.782874
0.900913
1.11475
1.69274
1.86042
1.90458
1.80871
1.82184
1.82184
1.80871
1.87958
1.94137
1.91239
1.70089
1.47198
1.51972
1.65845
1.84042
1.94137
1.88587
1.88587
1.69512
1.3958
0.735991
0.497297
0.497297
0.497297
0.546763
0.602935
0.420682
0.497297
1.65675
4.05131
3.30662
0
0
0
0
0
0
0
0
0
0
0
0
0
0
0
0
0
0
0
0
0
0
0
0
0
0
0
0
0
0
0
0
0
0
0
0
0
0
0
0
0
0
0
0
0
0
0
0
0
0
0
0
0
0
1.26205
1.56074
1.62726
1.15175
0.47078
0.520247
0.520247
0.420682
0.420682
0.523813
0.546763
0.523813
0.420682
0.420682
0.546763
0.546763
0.874396
1.09872
1.35017
1.49189
1.49189
1.35017
1.60726
1.73576
1.84042
1.58074
1.3416
1.49608
1.7421
1.94137
1.84042
1.70089
1.70089
1.80184
1.90458
1.80871
1.82184
1.82184
1.82184
1.72164
1.60726
1.40232
1.54624
2.00919
3.53452
2.67668
0
0
0
0
0
0
0
0
0
0
0
0
0
0
0
0
0
0
0
0
0
0
0
0
0
0
0
0
0
0
0
0
0
0
0
0
0
0
0
0
0
0
0
0
0
0
0
0
0
0
0
0
0
0
1.49189
1.49189
0.994594
1.12523
0.520246
0.57328
0.497297
3.35276e-07
0.329359
0.520246
0.497297
0.302843
0.447199
0.47078
0.520246
0.546763
0.420682
3.35276e-07
3.35276e-07
3.35276e-07
3.35276e-07
3.35276e-07
3.35276e-07
3.35276e-07
3.35276e-07
3.35276e-07
0.329359
0.420682
0.420682
0.329359
3.35276e-07
3.35276e-07
3.35276e-07
0.658718
1.09872
1.35017
1.49189
1.49189
1.49189
1.49189
1.35017
1.21239
1.24139
1.58817
2.86692
1.98919
0
0
0
0
0
0
0
0
0
0
0
0
0
0
0
0
0
0
0
0
0
0
0
0
0
0
0
0
0
0
0
0
0
0
0
0
0
0
0
0
0
0
0
0
0
0
0
0
0
0
0
0
0
0
1.49189
1.49189
0.994594
1.15175
0.47078
0.523813
0.420682
3.35276e-07
3.35276e-07
0.420682
0.546763
0.497297
0.520246
0.520247
0.520247
0.420682
0.329359
3.35276e-07
3.35276e-07
3.35276e-07
3.35276e-07
3.35276e-07
3.35276e-07
3.35276e-07
3.35276e-07
3.35276e-07
3.35276e-07
3.35276e-07
3.35276e-07
3.35276e-07
3.35276e-07
3.35276e-07
3.35276e-07
3.35276e-07
3.35276e-07
3.35276e-07
3.35276e-07
3.35276e-07
3.35276e-07
3.35276e-07
3.35276e-07
3.35276e-07
0.497297
0.880913
2.30939
1.98919
0
0
0
0
0
0
0
0
0
0
0
0
0
0
0
0
0
0
0
0
0
0
0
0
0
0
0
0
0
0
0
0
0
0
0
0
0
0
0
0
0
0
0
0
0
0
0
0
0
0
0
0
0
0
1.49189
1.49189
0.994594
1.15175
0.420682
0.420682
0.329359
3.35276e-07
3.35276e-07
0.329359
0.420682
0.497297
0.420682
0.546763
0.497297
3.35276e-07
3.35276e-07
3.35276e-07
3.35276e-07
3.35276e-07
3.35276e-07
3.35276e-07
3.35276e-07
3.35276e-07
3.35276e-07
3.35276e-07
3.35276e-07
3.35276e-07
3.35276e-07
3.35276e-07
3.35276e-07
3.35276e-07
3.35276e-07
3.35276e-07
3.35276e-07
3.35276e-07
3.35276e-07
3.35276e-07
3.35276e-07
3.35276e-07
3.35276e-07
3.35276e-07
0.497297
0.880913
2.30939
1.98919
0
0
0
0
0
0
0
0
0
0
0
0
0
0
0
0
0
0
0
0
0
0
0
0
0
0
0
0
0
0
0
0
0
0
0
0
0
0
0
0
0
0
0
0
0
0
0
0
0
0
0
0
0
0
1.49189
1.63675
0.970687
1.11475
0.500232
0.420682
3.35276e-07
3.35276e-07
3.35276e-07
3.35276e-07
0.329359
0.420682
0.420682
0.546763
0.497297
3.35276e-07
3.35276e-07
3.35276e-07
3.35276e-07
3.35276e-07
3.35276e-07
3.35276e-07
3.35276e-07
3.35276e-07
3.35276e-07
3.35276e-07
3.35276e-07
3.35276e-07
3.35276e-07
3.35276e-07
3.35276e-07
3.35276e-07
3.35276e-07
3.35276e-07
3.35276e-07
3.35276e-07
3.35276e-07
3.35276e-07
3.35276e-07
3.35276e-07
3.35276e-07
3.35276e-07
0.497297
0.880913
2.30939
1.98919
0
0
0
0
0
0
0
0
0
0
0
0
0
0
0
0
0
0
0
0
0
0
0
0
0
0
0
0
0
0
0
0
0
0
0
0
0
0
0
0
0
0
0
0
0
0
0
0
0
0
0
0
0
0
1.49189
1.61023
0.970687
1.14127
0.500232
0.420682
3.35276e-07
3.35276e-07
3.35276e-07
3.35276e-07
0.420682
0.546763
0.546763
0.546763
0.497297
3.35276e-07
3.35276e-07
3.35276e-07
3.35276e-07
3.35276e-07
3.35276e-07
3.35276e-07
3.35276e-07
3.35276e-07
3.35276e-07
3.35276e-07
3.35276e-07
3.35276e-07
3.35276e-07
3.35276e-07
3.35276e-07
3.35276e-07
3.35276e-07
3.35276e-07
3.35276e-07
3.35276e-07
3.35276e-07
3.35276e-07
3.35276e-07
3.35276e-07
3.35276e-07
0.329359
0.520247
0.990687
2.2835
1.84042
0
0
0
0
0
0
0
0
0
0
0
0
0
0
0
0
0
0
0
0
0
0
0
0
0
0
0
0
0
0
0
0
0
0
0
0
0
0
0
0
0
0
0
0
0
0
0
0
0
0
0
0
0
0
1.26205
1.82165
1.95295
1.82219
0.302843
0.329359
3.35276e-07
3.35276e-07
3.35276e-07
3.35276e-07
0.497297
0.497297
0.497297
0.55033
0.497297
3.35276e-07
0.329359
0.420682
0.420682
0.329359
3.35276e-07
3.35276e-07
3.35276e-07
3.35276e-07
3.35276e-07
3.35276e-07
3.35276e-07
3.35276e-07
3.35276e-07
3.35276e-07
3.35276e-07
3.35276e-07
3.35276e-07
3.35276e-07
3.35276e-07
3.35276e-07
0.329359
0.420682
0.420682
0.329359
3.35276e-07
0.420682
0.719549
1.0263
2.13865
1.70089
0
0
0
0
0
0
0
0
0
0
0
0
0
0
0
0
0
0
0
0
0
0
0
0
0
0
0
0
0
0
0
0
0
0
0
0
0
0
0
0
0
0
0
0
0
0
0
0
0
0
0
0
0
0
0.988078
1.26205
2.19893
2.54423
2.09758
1.65194
0.497297
0.497297
0.497297
0.497297
0.990687
1.14127
1.08701
0.719549
0.546763
0.497297
0.520246
0.520247
0.520247
0.47078
0.329359
3.35276e-07
3.35276e-07
3.35276e-07
3.35276e-07
3.35276e-07
3.35276e-07
3.35276e-07
3.35276e-07
3.35276e-07
3.35276e-07
3.35276e-07
3.35276e-07
3.35276e-07
0.329359
0.420682
0.47078
0.523813
0.500232
0.420682
0.420682
0.546763
0.576418
0.970687
2.12016
1.49189
0
0
0
0
0
0
0
0
0
0
0
0
0
0
0
0
0
0
0
0
0
0
0
0
0
0
0
0
0
0
0
0
0
0
0
0
0
0
0
0
0
0
0
0
0
0
0
0
0
0
0
0
0
0
0
0
1.6468
2.10341
2.50526
2.44843
2.30939
2.30939
2.30939
2.30939
2.44638
2.55177
2.60713
2.68764
2.70079
2.8004
2.70079
2.62075
2.62075
2.77388
2.92818
2.5412
2.0526
0.867881
0.735991
0.497297
0.497297
0.497297
0.497297
0.420682
0.329359
0.329359
0.302843
0.447199
0.47078
0.520247
0.520246
0.520247
0.420682
0.497297
0.546763
0.420682
0.629451
0.933467
1.96137
1.49189
0
0
0
0
0
0
0
0
0
0
0
0
0
0
0
0
0
0
0
0
0
0
0
0
0
0
0
0
0
0
0
0
0
0
0
0
0
0
0
0
0
0
0
0
0
0
0
0
0
0
0
0
0
0
0
0
0
0
1.31744
1.68273
1.98919
1.98919
1.98919
1.98919
1.84042
1.86693
2.06142
2.33364
2.48649
2.48649
2.48649
2.48649
2.48649
2.68764
2.82829
2.95216
2.85481
2.7273
2.76629
2.8004
2.43711
2.0557
2.0557
2.49874
2.49546
2.01736
0.970687
0.933467
0.854396
0.685235
0.693033
0.746066
0.497297
0.546763
0.420682
0.658718
1.66785
1.95295
2.14097
1.26205
0
0
0
0
0
0
0
0
0
0
0
0
0
0
0
0
0
0
0
0
0
0
0
0
0
0
0
0
0
0
0
0
0
0
0
0
0
0
0
0
0
0
0
0
0
0
0
0
0
0
0
0
0
0
0
0
0
0
0
0
0
0
0
0
0
0
0
0
0
0
0
0
0
0
0
1.31744
1.68273
2.19337
2.33364
2.48649
2.44363
2.35514
2.35514
2.63429
2.81168
2.72685
2.59226
2.43943
2.46595
2.30939
2.52355
2.66113
2.8004
2.70079
2.62075
2.41943
2.37826
2.06142
1.51272
0.988078
0
0
0
0
0
0
0
0
0
0
0
0
0
0
0
0
0
0
0
0
0
0
0
0
0
0
0
0
0
0
0
0
0
0
0
0
0
0
0
0
0
0
0
0
0
0
0
0
0
0
0
0
0
0
0
0
0
0
0
0
0
0
0
0
0
0
0
0
0
0
0
0
0
0
0
0
0
0
0
0
0.988078
1.26205
1.26205
0.988078
1.31744
1.68273
1.98919
1.98919
1.98919
1.98919
2.19337
2.33364
2.48649
2.48649
2.48649
2.21476
1.78822
0.988078
0
0
0
0
0
0
0
0
0
0
0
0
0
0
0
0
0
0
0
0
0
0
0
0
0
0
0
0
0
0
0
0
0
0
0
0
0
0
0
0
0
0
0
0
0
0
0
0
0
0
0
0
0
0
0
0
0
0
0
0
0
0
0
0
0
0
0
0
0
0
0
0
0
0
0
0
0
0
0
0
0
0
0
0
0
0
0
0
0
0
0
0
0
0
0
0
0
0
0
0
0
0
0
0
0
0
0
0
0
0
0
0
0
0
0
0
0
0
0
0
0
0
0
0
0
0
0
0
0
0
0
0
0
0
0
0
0
0
0
0
0
0
0
0
0
0
0
0
0
0
0
0
0
0
0
0
0
0
0
0
0
0
0
0
0
0
0
0
0
0
0
0
0
0
0
0
0
0
0
0
0
0
0
0
0
0
0
0
0
0
0
0
0
0
0
0
0
0
0
0
0
0
0
0
0
0
0
0
0
0
0
0
0
0
0
0
0
0
0
0
0
0
0
0
0
0
0
0
0
0
0
0
0
0
0
0
0
0
0
0
0
0
0
0
0
0
0
0
0
0
0
0
0
0
0
0
0
0
0
0
0
0
0
0
0
0
0
0
0
0
0
0
0
0
0
0
0
0
0
0
0
0
0
0
0
0
0
0
0
0
0
0
0
0
0
0
0
0
0
0
0
0
0
0
0
0
0
0
0
0
0
0
0
0
0
0
0
0
0
0
0
0
0
0
0
0
0
0
0
0
0
0
0
0
0
0
0
0
0
0
0
0
0
0
0
0
0
0
0
0
0
0
0
0
0
0
0
0
0
0
0
0
0
0
0
0
0
0
0
0
0
0
0
0
0
0
0
0
0
0
0
0
0
0
0
0
0
0
0
0
0
0
0
0
0
0
0
0
0
0
0
0
0
0
0
0
0
0
0
0
0
0
0
0
0
0
0
0
0
0
0
0
0
0
0
0
0
0
0
0
0
0
0
0
0
0
0
0
0
0
0
0
0
0
0
0
0
0
0
0
0
0
0
0
0
0
0
0
0
0
0
0
0
0
0
0
0
0
0
0
0
0
0
0
0
0
0
0
0
0
0
0
0
0
0
0
0
0
0
0
0
0
0
0
0
0
0
0
0
0
0
0
0
0
0
0
0
0
0
0
0
0
0
0
0
0
0
0
0
0
0
0
0
0
0
0
0
0
0
0
0
0
0
0
0
0
0
0
0
0
0
0
0
0
0
0
0
0
0
0
0
0
0
0
0
0
0
0
0
0
0
0
0
0
0
0
0
0
0
0
0
0
0
0
0
0
0
0
0
0
0
0
0
0
0
0
0
0
0
0
0
0
0
0
0
0
0
0
0
0
0
0
0
0
0
0
0
0
0
0
0
0
0
0
0
0
0
0
0
0
0
0
0
0
0
0
0
0
0
0
0
0
0
0
0
0
0
0
0
0
0
0
0
0
0
0
0
0
0
0
0
0
0
0
0
0
0
0
0
0
0
0
0
0
0
0
0
0
0
0
0
0
0
0
0
0
0
0
0
0
0
0
0
0
0
0
0
0
0
0
0
0
0
0
0
0
0
0
0
0
0
0
0
0
0
0
0
0
0
0
0
0
0
0
0
0
0
0
0
0
0
0
0
0
0
0
0
0
0
0
0
0
0
0
0
0
0
0
0
0
0
0
0
0
0
0
0
0
0
0
0
0
0
0
0
0
0
0
0
0
0
0
0
0
0
0
0
0
0
0
0
0
0
0
0
0
0
0
0
0
0
0
0
0
0
0
0
0
0
0
0
0
0
0
0
0
0
0
0
0
0
0
0
0
0
0
0
0
0
0
0
0
0
0
0
0
0
0
0
0
0
0
0
0
0
0
0
0
0
0
0
0
0
0
0
0
0
0
0
0
0
0
0
0
0
0
0
0
0
0
0
0
0
0
0
0
0
0
0
0
0
0
0
0
0
0
0
0
0
0
0
0
0
0
0
0
0
0
0
0
0
0
0
0
0
0
0
0
0
0
0
0
0
0
0
0
0
0
0
0
0
0
0
0
0
0
0
0
0
0
0
0
0
0
0
0
0
0
0
0
0
0
0
0
0
0
0
0
0
0
0
0
0
0
0
0
0
0
0
0
0
0
0
0
0
0
0
0
0
0
0
0
0
0
0
0
0
0
0
0
0
0
0
0
0
0
0
0
0
0
0
0
0
0
0
0
0
0
0
0
0
0
0
0
0
0
0
0
0
0
0
0
0
0
0
0
0
0
0
0
0
0
0
0
0
0
0
0
0
0
0
0
0
0
0
0
0
0
0
0
0
0
0
0
0
0
0
0
0
0
0
0
0
0
0
0
0
0
0
0
0
0
0
0
0
0
0
0
0
0
0
0
0
0
0
0
0
0
0
0
0
0
0
0
0
0
0
0
0
0
0
0
0
0
0
0
0
0
0
0
0
0
0
0
0
0
0
0
0
0
0
0
0
0
0
0
0
0
0
0
0
0
0
0
0
0
0
0
0
0
0
0
0
0
0
0
0
0
0
0
0
0
0
0
0
0
0
0
0
0
0
0
0
0
0
0
0
0
0
0
0
0
0
0
0
0
0
0
0
0
0
0
0
0
0
0
0
0
0
0
0
0
0
0
0
0
0
0
0
0
0
0
0
0
0
0
0
0
0
0
0
0
0
0
0
0
0
0
0
0
0
0
0
0
0
0
0
0
0
0
0
0
0
0
0
0
0
0
0
0
0
0
0
0
0
0
0
0
0
0
0
0
0
0
0
0
0
0
0
0
0
0
0
0
0
0
0
0
0
0
0
0
0
0
0
0
0
0
0
0
0
0
0
0
0
0
0
0
0
0
0
0
0
0
0
0
0
0
0
0
0
0
0
0
0
0
0
0
0
0
0
0
0
0
0
0
0
0
0
0
0
0
0
0
0
0
0
0
0
0
0
0
0
0
0
0
0
0
0
0
0
0
0
0
0
0
0
0
0
0
0
0
0
0
0
0
0
0
0
0
0
0
0
0
0
0
0
0
0
0
0
0
0
0
0
0
0
0
0
0
0
0
0
0
0
0
0
0
0
0
0
0
0
0
0
0
0
0
0
0
0
0
0
0
0
0
0
0
0
0
0
0
0
0
0
0
0
0
0
0
0
0
0
0
0
0
0
0
0
0
0
0
0
0
0
0
0
0
0
0
0
0
0
0
0
0
0
0
0
0
0
0
0
0
0
0
0
0
0
0
0
0
0
0
0
0
0
0
0
0
0
0
0
0
0
0
0
0
0
0
0
0
0
0
0
0
0
0
0
0
0
0
0
0
0
0
0
0
0
0
0
0
0
0
0
0
0
0
0
0
0
0
0
0
0
0
0
0
0
0
0
0
0
0
0
0
0
0
0
0
0
0
0
0
0
0
0
0
0
0
0
0
0
0
0
0
0
0
0
0
0
0
0
0
0
0
0
0
0
0
0
0
0
0
0
0
0
0
0
0
0
0
0
0
0
0
0
0
0
0
0
0
0
0
0
0
0
0
0
0
0
0
0
0
0
0
0
0
0
0
0
0
0
0
0
0
0
0
0
0
0
0
0
0
0
0
0
0
0
0
0
0
0
0
0
0
0
0
0
0
0
0
0
0
0
0
0
0
0
0
0
0
0
0
0
0
0
0
0
0
0
0
0
0
0
0
0
0
0
0
0
0
0
0
0
0
0
0
0
0
0
0
0
0
0
0
0
0
0
0
0
0
0
0
0
0
0
0
0
0
0
0
0
0
0
0
0
0
0
0
0
0
0
0
0
0
0
0
0
0
0
0
0
0
0
0
0
0
0
0
0
0
0
0
0
0
0
0
0
0
0
0
0
0
0
0
0
0
0
0
0
0
0
0
0
0
0
0
0
0
0
0
0
0
0
0
0
0
0
0
0
0
0
0
0
0
0
0
0
0
0
0
0
0
0
0
0
0
0
0
0
0
0
0
0
0
0
0
0
0
0
0
0
0
0
0
0
0
0
0
0
0
0
0
0
0
0
0
0
0
0
0
0
0
0
0
0
0
0
0
0
0
0
0
0
0
0
0
0
0
0
0
0
0
0
0
0
0
0
0
0
0
0
0
0
0
0
0
0
0
0
0
0
0
0
0
0
0
0
0
0
0
0
0
0
0
0
0
0
0
0
0
0
0
0
0
0
0
0
0
0
0
0
0
0
0
0
0
0
0
0
0
0
0
0
0
0
0
0
0
0
0
0
0
0
0
0
0
0
0
0
0
0
0
0
0
0
0
0
0
0
0
0
0
0
0
0
0
0
0
0
0
0
0
0
0
0
0
0
0
0
0
0
0
0
0
0
0
0
0
0
0
0
0
0
0
0
0
0
0
0
0
0
0
0
0
0
0
0
0
0
0
0
0
0
0
0
0
0
0
0
0
0
0
0
0
0
0
0
0
0
0
0
0
0
0
0
0
0
0
0
0
0
0
0
0
0
0
0
0
0
0
0
0
0
0
0
0
0
0
0
0
0
0
0
0
0
0
0
0
0
0
0
0
0
0
0
0
0
0
0
0
0
0
0
0
0
0
0
0
0
0
0
0
0
0
0
0
0
0
0
0
0
0
0
0
0
0
0
0
0
0
0
0
0
0
0
0
0
0
0
0
0
0
0
0
0
0
0
0
0
0
0
0
0
0
0
0
0
0
0
0
0
0
0
0
0
0
0
0
0
0
0
0
0
0
0
0
0
0
0
0
0
0
0
0
0
0
0
0
0
0
0
0
0
0
0
0
0
0
0
0
0
0
0
0
0
0
0
0
0
0
0
0
0
0
0
0
0
0
0
0
0
0
0
0
0
0
0
0
0
0
0
0
0
0
0
0
0
0
0
0
0
0
0
0
0
0
0
0
0
0
0
0
0
0
0
0
0
0
0
0
0
0
0
0
0
0
0
0
0
0
0
0
0
0
0
0
0
0
0
0
0
0
0
0
0
0
0
0
0
0
0
0
0
0
0
0
0
0
0
0
0
0
0
0
0
0
0
0
0
0
0
0
0
0
0
0
0
0
0
0
0
0
0
0
0
0
0
0
0
0
0
0
0
0
0
0
0
0
0
0
0
0
0
0
0
0
0
0
0
0
0
0
0
0
0
0
0
0
0
0
0
0
0
0
0
0
0
0
0
0
0
0
0
0
0
0
0
0
0
0
0
0
0
0
0
0
0
0
0
0
0
0
0
0
0
0
0
0
0
0
0
0
0
0
0
0
0
0
0
0
0
0
0
0
0
0
0
0
0
0
0
0
0
0
0
0
0
0
0
0
0
0
0
0
0
0
0
0
0
0
0
0
0
0
0
0
0
0
0
0
0
0
0
0
0
0
0
0
0
0
0
0
0
0
0
0
0
0
0
0
0
0
0
0
0
0
0
0
0
0
0
0
0
0
0
0
0
0
0
0
0
0
0
0
0
0
0
0
0
0
0
0
0
0
0
0
0
0
0
0
0
0
0
0
0
0
0
0
0
0
0
0
0
0
0
0
0
0
0
0
0
0
0
0
0
0
0
0
0
0
0
0
0
0
0
0
0
0
0
0
0
0
0
0
0
0
0
0
0
0
0
0
0
0
0
0
0
0
0
0
0
0
0
0
0
0
0
0
0
0
0
0
0
0
0
0
0
0
0
0
0
0
0
0
0
0
0
0
0
0
0
0
0
0
0
0
0
0
0
0
0
0
0
0
0
0
0
0
0
0
0
0
0
0
0
0
0
0
0
0
0
0
0
0
0
0
0
0
0
0
0
0
0
0
0
0
0
0
0
0
0
0
0
0
0
0
0
0
0
0
0
0
0
0
0
0
0
0
0
0
0
0
0
0
0
0
0
0
0
0
0
0
0
0
0
0
0
0
0
0
0
0
0
0
0
0
0
0
0
0
0
0
0
0
0
0
0
0
0
0
0
0
0
0
0
0
0
0
0
0
0
0
0
0
0
0
0
0
0
0
0
0
0
0
0
0
0
0
0
0
0
0
0
0
0
0
0
0
0
0
0
0
0
0
0
0
0
0
0
0
0
0
0
0
0
0
0
0
0
0
0
0
0
0
0
0
0
0
0
0
0
0
0
0
0
0
0
0
0
0
0
0
0
0
0
0
0
0
0
0
0
0
0
0
0
0
0
0
0
0
0
0
0
0
0
0
0
0
0
0
0
0
0
0
0
0
0
0
0
0
0
0
0
0
0
0
0
0
0
0
0
0
0
0
0
0
0
0
0
0
0
0
0
0
0
0
0
0
0
0
0
0
0
0
0
0
0
0
0
0
0
0
0
0
0
0
0
0
0
0
0
0
0
0
0
0
0
0
0
0
0
0
0
0
0
0
0
0
0
0
0
0
0
0
0
0
0
0
0
0
0
0
0
0
0
0
0
0
0
0
0
0
0
0
0
0
0
0
0
0
0
0
0
0
0
0
0
0
0
0
0
0
0
0
0
0
0
0
0
0
0
0
0
0
0
0
0
0
0
0
0
0
0
0
0
0
0
0
0
0
0
0
0
0
0
0
0
0
0
0
0
0
0
0
0
0
0
0
0
0
0
0
0
0
0
0
0
0
0
0
0
0
0
0
0
0
0
0
0
0
0
0
0
0
0
0
0
0
0
0
0
0
0
0
0
0
0
0
0
0
0
0
0
0
0
0
0
0
0
0
0
0
0
0
0
0
0
0
0
0
0
0
0
0
0
0
0
0
0
0
0
0
0
0
0
0
0
0
0
0
0
0
0
0
0
0
0
0
0
0
0
0
0
0
0
0
0
0
0
0
0
0
0
0
0
0
0
0
0
0
0
0
0
0
0
0
0
0
0
0
0
0
0
0
0
0
0
0
0
0
0
0
0
0
0
0
0
0
0
0
0
0
0
0
0
0
0
0
0
0
0
0
0
0
0
0
0
0
0
0
0
0
0
0
0
0
0
0
0
0
0
0
0
0
0
0
0
0
0
0
0
0
0
0
0
0
0
0
0
0
0
0
0
0
0
0
0
0
0
0
0
0
0
0
0
0
0
0
0
0
0
0
0
0
0
0
0
0
0
0
0
0
0
0
0
0
