0
0
0
0
0
0
0
0
0
0
0
0
0
0
0
0
0
0
0
0
0
0
0
0
0
0
0
0
0
0
0
0
0
0
0
0
0
0
0
0
0
0
0
0
0
0
0
0
0
0
0
0
0
0
0
0
0
0
0
0
0
0
0
0
0
0
0
0
0
0
0
0
0
0
0
0
0
0
0
0
0
0
0
0
0
0
0
0
0
0
0
0
0
0
0
0
0
0
0
0
0
0
0
0
0
0
0
0
0
0
0
0
0
0
2.10341
2.63784
2.58481
1.92964
0
0
0
0
0
0
0
0
0
0
0
0
0
0
0
0
0
0
0
0
0
0
0
0
0
0
0
0
0
0
0
0
0
0
0
0
0
0
0
0
0
0
0
0
0
0
0
0
0
0
0
0
0
0
0
0
0
0
0
0
0
0
0
0
0
0
0
0
2.10341
2.60123
1.6468
1.75531
2.35514
1.26205
0
0
0
0
0
0
0
0
0
0
0
0
0
0
0
0
0
0
0
0
0
0
2.10341
2.55501
2.66108
2.33364
0
0
0
0
0
0
0
0
0
0
0
0
0
0
0
0
0
0
0
0
0
0
0
0
0
0
0
0
0
0
0
0
0
0
0
0
0
0
0
0
0
0
0
0
0
0
0
0
0
0
0
0
0
0
0
0
0
0
0
0
0
0
0
0
0
0
0
0
2.48649
2.73382
2.10341
2.54423
2.13521
0.988078
0
0
0
0
0
0
0
0
0
0
0
0
0
0
0
0
0
0
0
0
0
0
1.6468
2.77388
2.87995
2.79371
1.92964
1.90312
1.6468
0
0
0
0
0
0
0
0
0
0
0
0
0
0
0
0
0
0
0
0
0
0
0
0
0
0
0
0
0
0
0
0
0
0
0
0
0
0
0
0
0
0
0
0
0
0
0
0
0
0
0
0
0
0
0
0
0
0
0
1.97616
1.81706
1.97616
0
0
0
2.10341
2.60123
2.60123
2.48649
1.6468
0
0
0
0
0
0
0
0
0
0
0
0
0
0
0
0
0
0
0
0
0
0
0
0
2.82829
3.18187
2.87235
2.58971
2.53245
1.90312
0
0
0
0
0
0
0
0
0
0
0
0
0
0
0
0
0
0
0
0
0
0
0
0
0
0
0
0
0
0
0
0
0
0
0
0
0
0
0
0
0
0
0
0
0
0
0
0
0
0
0
0
0
0
0
0
0
0
0
2.76693
3.48283
3.16463
2.30551
0
0
1.6468
2.3539
2.61907
2.10341
0
0
0
0
0
0
0
0
0
0
0
0
0
0
0
0
0
0
0
0
0
0
0
0
0
2.98378
3.28058
1.86688
2.37637
2.42192
1.92964
0
0
0
0
0
0
0
0
0
0
0
0
0
0
0
0
0
0
0
0
0
0
0
0
0
0
0
0
0
0
0
0
0
0
0
0
0
0
0
0
0
0
0
0
0
0
0
0
0
0
0
0
0
0
0
0
0
0
1.97616
3.40704
3.38731
3.59062
2.94478
0
1.97616
2.52409
2.98148
2.90647
2.48649
0
0
0
0
0
0
0
0
0
0
0
0
0
0
0
0
0
0
0
0
0
0
0
0
0
3.18286
3.19396
0.693033
1.96653
2.70759
2.33364
1.6468
0
0
0
0
0
0
0
0
0
0
0
0
0
0
0
0
0
0
0
0
0
0
0
0
0
0
0
0
0
0
0
0
0
0
0
0
0
0
0
0
0
0
0
0
0
0
0
0
0
0
0
0
0
0
0
0
0
2.52409
3.63995
2.46746
3.20578
4.18455
3.36546
3.02543
3.14288
2.85343
2.98148
2.48649
0
0
0
0
0
0
0
0
0
0
0
0
0
0
0
0
0
0
0
0
0
0
0
0
0
2.74041
3.5076
2.30253
2.18034
2.92396
2.82023
1.51421
0
0
0
0
0
0
0
0
0
0
0
0
0
0
0
0
0
0
0
0
0
0
0
0
0
0
0
0
0
0
0
0
0
0
0
0
0
0
0
0
0
0
0
0
0
0
0
0
0
0
0
0
0
0
0
0
0
3.18286
3.74433
1.15175
2.78611
3.46841
4.3741
3.68083
2.82468
2.99058
3.02217
2.10341
0
0
0
0
0
0
0
0
0
0
0
0
0
0
0
0
0
0
0
0
0
0
0
0
0
2.30552
3.64173
2.93283
0.735991
2.67592
2.88958
1.6468
0
0
0
0
0
0
0
0
0
0
0
0
0
0
0
0
0
0
0
0
0
0
0
0
0
0
0
0
0
0
0
0
0
0
0
0
0
0
0
0
0
0
0
0
0
0
0
0
0
0
0
0
0
0
0
0
0
2.74041
4.20569
2.99048
0.546763
2.78085
4.16197
3.36546
1.97616
2.3214
2.34792
1.6468
0
0
0
0
0
0
0
0
0
0
0
0
0
0
0
0
0
0
0
0
0
0
0
0
0
0
2.94478
3.78885
2.38862
2.93515
3.36043
3.1895
2.94478
2.30551
0
0
0
0
0
0
0
0
0
0
0
0
0
0
0
0
0
0
0
0
0
0
0
0
0
0
0
0
0
0
0
0
0
0
0
0
0
0
0
0
0
0
0
0
0
0
0
0
0
0
0
0
0
0
0
3.62751
4.54059
2.77075
0.497297
2.6372
4.16197
3.57759
0
0
0
0
0
0
0
0
0
0
0
0
0
0
0
0
0
0
0
0
0
0
0
0
0
0
0
0
0
0
2.30552
3.92524
3.1652
2.45291
2.73237
3.54116
3.56238
2.1199
0
0
0
0
0
0
0
0
0
0
0
0
0
0
0
0
0
0
0
0
0
0
0
0
0
0
0
0
0
0
0
0
0
0
0
0
0
0
0
0
0
0
0
0
0
0
0
0
0
0
0
0
0
0
2.63487
4.10375
4.20282
2.96423
0.497297
2.84933
4.16197
3.36546
0
0
0
0
0
0
0
0
0
0
0
0
0
0
0
0
0
0
0
0
0
0
0
0
0
0
0
0
0
0
0
3.97838
3.82293
1.11994
2.20686
3.01671
3.16463
2.30552
0
0
0
0
0
0
0
0
0
0
0
0
0
0
0
0
0
0
0
0
0
0
0
0
0
0
0
0
0
0
0
0
0
0
0
0
0
0
0
0
0
0
0
0
0
0
0
0
0
0
0
0
0
0
3.36546
4.51735
2.94716
0
0.497297
2.84933
4.16197
3.36546
0
0
0
0
0
0
0
0
0
0
0
0
0
0
0
0
0
0
0
0
0
0
0
0
0
0
0
0
0
0
0
4.17479
3.95578
0.990687
2.84211
3.29185
1.97616
0
0
0
0
0
0
0
0
0
0
0
0
0
0
0
0
0
0
0
0
0
0
0
0
0
0
0
0
0
0
0
0
0
0
0
0
0
0
0
0
0
0
0
0
0
0
0
0
0
0
0
0
0
0
2.63487
4.32943
3.67626
0.602935
0.302843
0.685235
2.6372
4.16197
3.57759
0
0
0
0
0
0
0
0
0
0
0
0
0
0
0
0
0
0
0
0
0
0
0
0
0
0
0
0
0
0
0
4.31589
4.18358
1.0263
3.55775
3.32373
0
0
0
0
0
0
0
0
0
0
0
0
0
0
0
0
0
0
0
0
0
0
0
0
0
0
0
0
0
0
0
0
0
0
0
0
0
0
0
0
0
0
0
0
0
0
0
0
0
0
0
0
0
0
0
3.15987
4.33213
3.06378
0.658718
0.523813
0.782875
2.84933
4.16197
3.36546
0
0
0
0
0
0
0
0
0
0
0
0
0
0
0
0
0
0
0
0
0
0
0
0
0
0
0
0
0
1.97616
2.52409
4.61258
3.79286
1.34364
3.53123
3.32373
0
0
0
0
0
0
0
0
0
0
0
0
0
0
0
0
0
0
0
0
0
0
0
0
0
0
0
0
0
0
0
0
0
0
0
0
0
0
0
0
0
0
0
0
0
0
0
0
0
0
0
0
0
0
2.63487
4.05989
3.6478
0.964171
0.546763
0.546763
0.782875
2.84933
4.16197
3.36546
0
0
0
0
0
0
0
0
0
0
0
0
0
0
0
0
0
0
0
0
0
0
0
0
0
0
0
0
0
2.52409
4.08185
3.93883
3.42567
3.14879
3.5876
2.76693
0
0
0
0
0
0
0
0
0
0
0
0
0
0
0
0
0
0
0
0
0
0
0
0
0
0
0
0
0
0
0
0
0
0
0
0
0
0
0
0
0
0
0
0
0
0
0
0
0
0
0
0
0
0
3.36546
4.10935
2.84517
0.990687
0.523813
0.47078
3.05293
4.07008
3.76624
2.63487
0
0
0
0
0
0
0
0
0
0
0
0
0
0
0
0
0
0
0
0
0
0
0
0
0
0
0
0
0
3.88617
4.32291
1.86182
2.7473
3.91437
2.91515
1.97616
0
0
0
0
0
0
0
0
0
0
0
0
0
0
0
0
0
0
0
0
0
0
0
0
0
0
0
0
0
0
0
0
0
0
0
0
0
0
0
0
0
0
0
0
0
0
0
0
0
0
0
0
0
0
3.97838
3.97838
0.420682
0.71955
0.490781
0.329359
2.73503
4.51735
3.57759
0
0
0
0
0
0
0
0
0
0
0
0
0
0
0
0
0
0
0
0
0
0
0
0
0
0
0
0
0
0
4.65073
5.06404
1.53972
3.90617
4.40246
1.78822
0
0
0
0
0
0
0
0
0
0
0
0
0
0
0
0
0
0
0
0
0
0
0
0
0
0
0
0
0
0
0
0
0
0
0
0
0
0
0
0
0
0
0
0
0
0
0
0
0
0
0
0
0
0
0
3.36546
4.10935
2.7299
1.01459
0.92695
0.420682
3.05293
4.51735
3.36546
0
0
0
0
0
0
0
0
0
0
0
0
0
0
0
0
0
0
0
0
0
0
0
0
0
0
0
0
0
0
5.30895
5.3686
0.959983
3.95872
4.20131
1.59227
0
0
0
0
0
0
0
0
0
0
0
0
0
0
0
0
0
0
0
0
0
0
0
0
0
0
0
0
0
0
0
0
0
0
0
0
0
0
0
0
0
0
0
0
0
0
0
0
0
0
0
0
0
0
0
3.372
3.88341
2.33906
1.29613
1.29613
0.546763
0.782875
4.28221
3.97838
0
0
0
0
0
0
0
0
0
0
0
0
0
0
0
0
0
0
0
0
0
0
0
0
0
0
0
0
0
0
5.47027
5.47027
2.0526
3.97835
3.75748
1.92964
0
0
0
0
0
0
0
0
0
0
0
0
0
0
0
0
0
0
0
0
0
0
0
0
0
0
0
0
0
0
0
0
0
0
0
0
0
0
0
0
0
0
0
0
0
0
0
0
0
0
0
0
0
0
0
2.1199
3.5676
3.60889
3.01621
3.38373
0.497297
3.18278
4.51735
3.36546
0
0
0
0
0
0
0
0
0
0
0
0
0
0
0
0
0
0
0
0
0
0
0
0
0
0
0
0
0
0
5.47027
5.47027
2.5412
3.10005
3.16657
2.33364
0
0
0
0
0
0
0
0
0
0
0
0
0
0
0
0
0
0
0
0
0
0
0
0
0
0
0
0
0
0
0
0
0
0
0
0
0
0
0
0
0
0
0
0
0
0
0
0
0
0
0
0
0
0
0
2.30552
3.16463
3.75802
4.313
3.12387
0.497297
4.03672
4.57903
2.63487
0
0
0
0
0
0
0
0
0
0
0
0
0
0
0
0
0
0
0
0
0
0
0
0
0
0
0
0
0
3.95231
6.00158
4.79612
3.1153
2.98378
2.10341
2.60123
1.6468
0
0
0
0
0
0
0
0
0
0
0
0
0
0
0
0
0
0
0
0
0
0
0
0
0
0
0
0
0
0
0
0
0
0
0
0
0
0
0
0
0
0
0
0
0
0
0
0
0
0
0
0
0
0
0
1.97616
3.8914
4.5285
3.27377
0.497297
4.77755
4.47567
0
0
0
0
0
0
0
0
0
0
0
0
0
0
0
0
0
0
0
0
0
0
0
0
0
0
0
0
0
0
5.04819
6.18685
3.89147
3.3913
3.08879
1.66622
2.60123
2.10341
0
0
0
0
0
0
0
0
0
0
0
0
0
0
0
0
0
0
0
0
0
0
0
0
0
0
0
0
0
0
0
0
0
0
0
0
0
0
0
0
0
0
0
0
0
0
0
0
0
0
0
0
0
0
0
0
4.47567
4.77755
0.497297
0.420682
4.84615
4.67118
0
0
0
0
0
0
0
0
0
0
0
0
0
0
0
0
0
0
0
0
0
0
0
0
0
0
0
0
0
0
6.16123
6.16696
0.990687
3.57107
3.03975
0.302843
2.48649
2.48649
0
0
0
0
0
0
0
0
0
0
0
0
0
0
0
0
0
0
0
0
0
0
0
0
0
0
0
0
0
0
0
0
0
0
0
0
0
0
0
0
0
0
0
0
0
0
0
0
0
0
0
0
0
0
0
0
4.47567
4.77755
0.497297
1.66622
4.77755
4.14614
0
0
0
0
0
0
0
0
0
0
0
0
0
0
0
0
0
0
0
0
0
0
0
0
0
0
0
0
0
0
6.3025
6.36111
1.29613
3.81826
2.97216
1.65675
2.55501
2.10341
0
0
0
0
0
0
0
0
0
0
0
0
0
0
0
0
0
0
0
0
0
0
0
0
0
0
0
0
0
0
0
0
0
0
0
0
0
0
0
0
0
0
0
0
0
0
0
0
0
0
0
0
0
0
0
0
4.67118
4.84615
0.420682
2.10341
4.66733
3.67995
0
0
0
0
0
0
0
0
0
0
0
0
0
0
0
0
0
0
0
0
0
0
0
0
0
0
0
0
0
0
6.46486
6.46486
1.49189
3.87424
2.85343
1.55068
2.5285
2.23599
0
0
0
0
0
0
0
0
0
0
0
0
0
0
0
0
0
0
0
0
0
0
0
0
0
0
0
0
0
0
0
0
0
0
0
0
0
0
0
0
0
0
0
0
0
0
0
0
0
0
0
0
0
0
0
0
4.64466
4.84615
0.447199
2.10341
4.66733
3.67995
0
0
0
0
0
0
0
0
0
0
0
0
0
0
0
0
0
0
0
0
0
0
0
0
0
0
0
0
0
0
6.6581
6.6634
1.72164
4.18806
2.89371
1.7674
2.68764
2.34792
0
0
0
0
0
0
0
0
0
0
0
0
0
0
0
0
0
0
0
0
0
0
0
0
0
0
0
0
0
0
0
0
0
0
0
0
0
0
0
0
0
0
0
0
0
0
0
0
0
0
0
0
0
0
0
0
4.67118
4.97923
0.576418
1.75558
4.85344
4.33941
0
0
0
0
0
0
0
0
0
0
0
0
0
0
0
0
0
0
0
0
0
0
0
0
0
0
0
0
0
0
6.79939
6.85759
1.91239
4.29825
2.89371
0.826656
2.76719
2.82829
0
0
0
0
0
0
0
0
0
0
0
0
0
0
0
0
0
0
0
0
0
0
0
0
0
0
0
0
0
0
0
0
0
0
0
0
0
0
0
0
4.94039
6.31023
7.45946
7.45946
7.45946
6.31023
4.94039
0
0
0
0
0
0
0
0
0
4.47567
4.88796
0.764784
2.38031
4.93984
4.22167
0
0
0
0
0
0
0
0
0
0
0
0
0
0
0
0
0
0
0
0
0
0
0
0
0
0
0
0
0
0
6.96216
6.96216
1.98919
4.42898
2.95469
0.841364
2.52649
3.37287
2.94478
2.30551
0
0
0
0
0
0
4.94039
4.54264
4.94039
0
0
4.94039
6.31023
6.31023
4.94039
0
0
4.94039
4.54264
4.94039
0
0
0
4.94039
6.31023
6.31023
4.94039
0
0
0
0
0
0
4.94039
6.31023
7.45946
7.45946
7.45946
7.8037
7.8037
7.45946
7.45946
7.45946
7.8037
7.8037
6.31023
4.94039
0
0
0
0
0
0
0
4.67118
4.97923
0.576418
3.05914
4.78742
3.38373
0
0
0
0
0
0
0
0
0
0
0
0
0
0
0
0
0
0
0
0
0
0
0
0
0
0
0
0
0
0
7.15503
7.05911
1.97947
4.64208
3.2868
0.873173
2.13116
3.01293
3.88341
3.63403
2.63487
0
0
4.61103
6.1273
7.29634
7.8037
7.8037
7.8037
7.45946
7.45946
7.8037
7.8037
7.8037
7.06171
6.70798
6.31023
7.8037
7.8037
7.8037
7.45946
7.45946
7.45946
7.8037
7.8037
7.8037
7.8037
7.45946
7.45946
7.45946
7.45946
7.45946
7.45946
7.8037
7.8037
7.45946
7.45946
7.45946
6.29023
4.91234
0.420682
0.329359
1.3411e-06
4.94039
6.31023
8.20145
6.31023
0
0
0
0
0
0
0
4.64466
4.84615
0.447199
3.32373
4.48
1.70089
0
0
0
0
0
0
0
0
0
0
0
0
0
0
0
0
0
0
0
0
0
0
0
0
0
0
0
0
0
0
7.29634
7.18654
1.92458
3.89938
3.55017
1.72907
1.45198
1.60726
2.5885
4.10935
3.36546
0
0
5.88955
7.87097
8.01129
7.8037
7.8572
6.31023
7.45946
7.45946
6.31023
4.94039
4.94039
7.06171
7.8037
7.8037
6.31023
6.70798
6.31023
7.45946
7.45946
7.45946
6.31023
4.94039
4.94039
6.31023
7.45946
7.45946
7.45946
7.45946
7.45946
7.45946
6.31023
4.94039
1.3411e-06
1.3411e-06
1.3411e-06
0.420682
0.546763
0.546763
0.420682
1.3411e-06
1.3411e-06
1.3411e-06
6.31023
7.8037
4.94039
0
0
0
0
0
0
4.83886
4.91124
1.31744
3.13801
3.97687
1.84042
0
0
0
0
0
0
0
0
0
0
0
0
0
0
0
0
0
0
0
0
0
0
0
0
0
0
0
0
0
0
7.45946
7.25716
1.92308
3.57287
3.56438
2.464
1.31508
1.67274
0.735991
3.47806
4.30291
2.96423
0
5.88955
7.58703
7.6989
7.50348
4.54264
1.3411e-06
1.3411e-06
1.3411e-06
1.3411e-06
1.3411e-06
1.3411e-06
4.94039
4.54264
4.94039
1.3411e-06
1.3411e-06
1.3411e-06
1.3411e-06
1.3411e-06
1.3411e-06
1.3411e-06
1.3411e-06
1.3411e-06
1.3411e-06
1.3411e-06
1.3411e-06
1.3411e-06
1.3411e-06
1.3411e-06
1.3411e-06
1.3411e-06
1.3411e-06
1.3411e-06
1.3411e-06
1.3411e-06
0.497297
0.497297
0.497297
0.497297
1.3411e-06
1.3411e-06
1.3411e-06
4.94039
7.8037
6.31023
0
0
0
0
0
0
4.81234
5.04065
1.78822
3.02243
3.4948
1.98919
0
0
0
0
0
0
0
0
0
0
0
0
0
0
0
0
0
0
0
0
0
0
0
0
0
0
0
0
0
0
7.652
7.5918
2.11213
2.35855
3.59759
3.0389
1.30856
2.07646
1.3958
2.78085
4.48127
3.78614
0
4.61103
6.92511
7.74621
6.31023
4.94039
1.3411e-06
1.3411e-06
1.3411e-06
1.3411e-06
1.3411e-06
1.3411e-06
1.3411e-06
1.3411e-06
1.3411e-06
1.3411e-06
1.3411e-06
1.3411e-06
1.3411e-06
1.3411e-06
1.3411e-06
1.3411e-06
1.3411e-06
1.3411e-06
1.3411e-06
1.3411e-06
1.3411e-06
1.3411e-06
1.3411e-06
1.3411e-06
1.3411e-06
1.3411e-06
1.3411e-06
1.3411e-06
0.329359
0.420682
0.546763
0.420682
0.497297
0.497297
1.3411e-06
1.3411e-06
1.3411e-06
1.3411e-06
6.31023
7.8037
4.94039
0
0
0
0
0
4.97297
5.17457
2.28903
3.01058
2.68319
1.98919
0
0
0
0
0
0
0
0
0
0
0
0
0
0
0
0
0
0
0
0
0
0
0
0
0
0
0
0
0
0
7.79333
7.85087
2.11445
2.46843
3.92089
3.58426
1.0172
2.04995
1.69512
0.685235
4.33524
4.47567
0
0
6.31023
7.8037
4.94039
1.3411e-06
1.3411e-06
1.3411e-06
1.3411e-06
1.3411e-06
1.3411e-06
1.3411e-06
1.3411e-06
1.3411e-06
1.3411e-06
1.3411e-06
1.3411e-06
1.3411e-06
1.3411e-06
1.3411e-06
1.3411e-06
1.3411e-06
1.3411e-06
1.3411e-06
1.3411e-06
1.3411e-06
1.3411e-06
1.3411e-06
1.3411e-06
1.3411e-06
1.3411e-06
1.3411e-06
1.3411e-06
1.3411e-06
0.420682
0.546763
0.420682
0.329359
0.497297
0.497297
1.3411e-06
1.3411e-06
1.3411e-06
1.3411e-06
4.94039
7.02347
6.92511
4.61103
0
0
0
0
4.97297
5.27326
2.36242
3.04596
2.7273
2.19337
0
0
0
0
0
0
0
0
0
0
0
0
0
0
0
0
0
0
0
0
0
0
0
0
0
0
0
0
0
0
6.73092
8.26611
5.27143
2.32939
4.53979
3.81965
0.497297
2.41514
2.77213
2.84517
4.33524
4.47567
0
0
4.94039
7.67049
6.26372
0.329359
1.3411e-06
1.3411e-06
1.3411e-06
1.3411e-06
1.3411e-06
1.3411e-06
1.3411e-06
1.3411e-06
1.3411e-06
1.3411e-06
1.3411e-06
1.3411e-06
1.3411e-06
1.3411e-06
1.3411e-06
1.3411e-06
1.3411e-06
1.3411e-06
1.3411e-06
1.3411e-06
1.3411e-06
1.3411e-06
1.3411e-06
1.3411e-06
4.94039
4.54264
4.94039
1.3411e-06
0.497297
0.497297
0
0
0.497297
0.497297
1.3411e-06
1.3411e-06
1.3411e-06
1.3411e-06
1.3411e-06
6.66146
7.69701
4.2398
0
0
0
0
5.16775
5.34209
2.40166
3.07248
2.7273
2.16686
0
0
0
0
0
0
0
0
0
0
0
0
0
0
0
0
0
0
0
0
0
0
0
0
0
0
0
0
0
0
5.26975
7.95362
6.34578
1.80219
4.81481
4.17479
0.497297
1.80881
3.12985
3.68322
4.59556
4.96292
3.29359
0
0
6.1273
7.71969
4.91438
1.3411e-06
1.3411e-06
1.3411e-06
1.3411e-06
1.3411e-06
1.3411e-06
1.3411e-06
1.3411e-06
1.3411e-06
1.3411e-06
1.3411e-06
1.3411e-06
1.3411e-06
1.3411e-06
1.3411e-06
1.3411e-06
1.3411e-06
1.3411e-06
1.3411e-06
1.3411e-06
1.3411e-06
1.3411e-06
1.3411e-06
1.3411e-06
4.54264
6.13363
4.54264
0.329359
0.520247
0.420682
0
0.329359
0.520247
0.420682
1.3411e-06
1.3411e-06
1.3411e-06
1.3411e-06
0.329359
6.24151
7.56051
4.61103
0
0
0
0
5.30895
5.40771
2.4605
3.04596
2.7273
2.19337
0
0
0
0
0
0
0
0
0
0
0
0
0
0
0
0
0
0
0
0
0
0
0
0
0
0
0
0
0
0
0
6.3
6.90591
2.56355
5.20791
4.73629
0.420682
1.30485
2.62126
4.51699
4.85276
5.14775
4.20682
0
0
4.61103
7.69701
6.29023
1.3411e-06
1.3411e-06
1.3411e-06
1.3411e-06
1.3411e-06
1.3411e-06
1.3411e-06
1.3411e-06
1.3411e-06
1.3411e-06
1.3411e-06
1.3411e-06
1.3411e-06
1.3411e-06
1.3411e-06
1.3411e-06
1.3411e-06
1.3411e-06
1.3411e-06
1.3411e-06
1.3411e-06
1.3411e-06
1.3411e-06
1.3411e-06
4.94039
4.54264
4.94039
0.420682
0.520247
0.329359
0.329359
0.470781
0.470781
0.329359
1.3411e-06
1.3411e-06
1.3411e-06
1.3411e-06
0.420682
7.32767
7.15503
0
0
0
0
0
5.47027
5.47027
2.48649
3.16076
2.68319
1.98919
0
0
0
0
0
0
0
0
0
0
0
0
0
0
0
0
0
0
0
0
0
0
0
0
0
0
0
0
0
0
0
5.05297
6.02476
3.33721
5.37381
5.16168
0.329359
0.420682
1.46669
3.96439
5.19613
5.46763
4.20682
0
0
0
7.45946
7.45946
1.3411e-06
1.3411e-06
1.3411e-06
1.3411e-06
1.3411e-06
1.3411e-06
1.3411e-06
1.3411e-06
1.3411e-06
1.3411e-06
1.3411e-06
1.3411e-06
1.3411e-06
1.3411e-06
1.3411e-06
1.3411e-06
1.3411e-06
1.3411e-06
1.3411e-06
1.3411e-06
1.3411e-06
1.3411e-06
1.3411e-06
1.3411e-06
1.3411e-06
1.3411e-06
1.3411e-06
0.497297
0.497297
0.329359
0.470781
0.470781
0.329359
1.3411e-06
1.3411e-06
1.3411e-06
1.3411e-06
0.329359
0.520247
7.15996
6.96216
0
0
0
0
0
5.66444
5.53812
2.65668
2.73325
2.68319
1.98919
0
0
0
0
0
0
0
0
0
0
0
0
0
0
0
0
0
0
0
0
0
0
0
0
0
0
0
0
0
0
0
2.83416
4.87234
4.78386
5.30201
5.61792
3.29359
1.67638e-07
0.988078
3.07285
4.1308
4.20682
3.29359
0
0
0
7.45946
7.45946
1.3411e-06
1.3411e-06
1.3411e-06
1.3411e-06
1.3411e-06
1.3411e-06
1.3411e-06
1.3411e-06
1.3411e-06
1.3411e-06
1.3411e-06
1.3411e-06
1.3411e-06
1.3411e-06
1.3411e-06
1.3411e-06
1.3411e-06
1.3411e-06
1.3411e-06
1.3411e-06
1.3411e-06
1.3411e-06
1.3411e-06
1.3411e-06
1.3411e-06
1.3411e-06
1.3411e-06
0.497297
0.546763
0.470781
0.470781
0.329359
1.3411e-06
1.3411e-06
1.3411e-06
1.3411e-06
1.3411e-06
0.302843
0.520247
7.18647
6.96216
0
0
0
0
0
5.80568
5.5654
2.73547
3.10121
2.85481
1.68273
0
0
0
0
0
0
0
0
0
0
0
0
0
0
0
0
0
0
0
0
0
0
0
0
0
0
0
0
0
0
0
2.0791
2.92958
5.57415
5.29479
5.43946
4.20682
1.67638e-07
1.67638e-07
1.49189
1.49189
0
0
0
0
0
7.45946
7.45946
1.3411e-06
1.3411e-06
1.3411e-06
1.3411e-06
1.3411e-06
1.3411e-06
1.3411e-06
1.3411e-06
1.3411e-06
1.3411e-06
1.3411e-06
1.3411e-06
1.3411e-06
1.3411e-06
1.3411e-06
1.3411e-06
1.3411e-06
1.3411e-06
1.3411e-06
1.3411e-06
1.3411e-06
1.3411e-06
1.3411e-06
1.3411e-06
1.3411e-06
1.3411e-06
1.3411e-06
0.420682
0.523814
0.470781
0.329359
1.3411e-06
1.3411e-06
1.3411e-06
1.3411e-06
1.3411e-06
1.3411e-06
0.329359
4.88119
7.51723
5.88955
0
0
0
0
3.29359
6.04554
4.95013
2.86719
2.74085
2.95216
1.31744
0
0
0
0
0
0
0
0
0
0
0
0
0
0
0
0
0
0
0
0
0
0
0
0
0
0
0
0
0
0
0
0.988078
1.41234
5.22069
6.08049
6.10701
4.51515
0.988078
0.988078
1.56074
1.26205
0
0
0
0
0
7.45946
7.45946
1.3411e-06
1.3411e-06
1.3411e-06
1.3411e-06
1.3411e-06
1.3411e-06
1.3411e-06
1.3411e-06
1.3411e-06
1.3411e-06
1.3411e-06
1.3411e-06
1.3411e-06
1.3411e-06
1.3411e-06
1.3411e-06
1.3411e-06
1.3411e-06
1.3411e-06
1.3411e-06
1.3411e-06
1.3411e-06
1.3411e-06
1.3411e-06
1.3411e-06
1.3411e-06
1.3411e-06
0.329359
0.302843
0.329359
1.3411e-06
1.3411e-06
1.3411e-06
1.3411e-06
1.3411e-06
1.3411e-06
1.3411e-06
1.3411e-06
6.29023
7.69701
4.61103
0
0
0
0
4.69583
6.09176
5.26104
4.69222
3.45095
2.52409
0
0
0
0
0
0
0
0
0
0
0
0
0
0
0
0
0
0
0
0
0
0
0
0
0
0
0
0
0
0
0
0
0
0.988078
4.24065
5.22299
5.22299
4.14316
1.26205
1.26205
1.56074
0.988078
0
0
0
0
0
7.45946
7.45946
1.3411e-06
1.3411e-06
1.3411e-06
1.3411e-06
1.3411e-06
1.3411e-06
1.3411e-06
1.3411e-06
1.3411e-06
1.3411e-06
1.3411e-06
1.3411e-06
1.3411e-06
1.3411e-06
1.3411e-06
1.3411e-06
1.3411e-06
1.3411e-06
1.3411e-06
1.3411e-06
1.3411e-06
1.3411e-06
1.3411e-06
1.3411e-06
1.3411e-06
1.3411e-06
1.3411e-06
1.3411e-06
1.3411e-06
1.3411e-06
1.3411e-06
1.3411e-06
1.3411e-06
1.3411e-06
1.3411e-06
1.3411e-06
1.3411e-06
1.3411e-06
7.45946
7.45946
0
0
0
0
0
5.65658
5.85636
5.16123
5.7599
2.52409
1.97616
0
0
0
0
0
0
0
0
0
0
0
0
0
0
0
0
0
0
0
0
0
0
0
0
0
0
0
0
0
0
0
0
0
0
0.988078
1.26205
1.26205
1.49189
1.56074
1.64029
1.49189
0
0
0
0
0
0
6.31023
7.8037
4.94039
1.3411e-06
1.3411e-06
1.3411e-06
1.3411e-06
1.3411e-06
1.3411e-06
1.3411e-06
1.3411e-06
1.3411e-06
1.3411e-06
1.3411e-06
1.3411e-06
1.3411e-06
1.3411e-06
1.3411e-06
1.3411e-06
1.3411e-06
1.3411e-06
1.3411e-06
1.3411e-06
1.3411e-06
1.3411e-06
1.3411e-06
1.3411e-06
1.3411e-06
1.3411e-06
1.3411e-06
1.3411e-06
1.3411e-06
1.3411e-06
1.3411e-06
1.3411e-06
1.3411e-06
1.3411e-06
1.3411e-06
1.3411e-06
4.94039
7.8037
6.31023
0
0
0
0
0
5.80568
5.86477
5.86477
5.80568
0
0
0
0
0
0
0
0
0
0
0
0
0
0
0
0
0
0
0
0
0
0
0
0
0
0
0
0
0
0
0
0
0
0
0
0
0
0
0
0.988078
1.41234
1.57144
1.26205
0
0
0
0
0
0
4.94039
7.8037
6.31023
1.3411e-06
1.3411e-06
1.3411e-06
1.3411e-06
1.3411e-06
1.3411e-06
1.3411e-06
1.3411e-06
1.3411e-06
1.3411e-06
1.3411e-06
1.3411e-06
1.3411e-06
1.3411e-06
1.3411e-06
1.3411e-06
1.3411e-06
1.3411e-06
1.3411e-06
1.3411e-06
1.3411e-06
1.3411e-06
1.3411e-06
1.3411e-06
1.3411e-06
1.3411e-06
1.3411e-06
1.3411e-06
1.3411e-06
1.3411e-06
1.3411e-06
1.3411e-06
1.3411e-06
1.3411e-06
1.3411e-06
1.3411e-06
6.31023
7.8037
4.94039
0
0
0
0
0
4.86633
6.29326
6.29326
4.86633
0
0
0
0
0
0
0
0
0
0
0
0
0
0
0
0
0
0
0
0
0
0
0
0
0
0
0
0
0
0
0
0
0
0
0
0
0
0
0
0
0.988078
0.908528
0.988078
0
0
0
0
0
0
5.26975
8.08031
6.47488
0.329359
1.3411e-06
1.3411e-06
1.3411e-06
1.3411e-06
1.3411e-06
1.3411e-06
1.3411e-06
1.3411e-06
1.3411e-06
1.3411e-06
1.3411e-06
1.3411e-06
1.3411e-06
1.3411e-06
1.3411e-06
1.3411e-06
1.3411e-06
1.3411e-06
1.3411e-06
1.3411e-06
1.3411e-06
1.3411e-06
1.3411e-06
1.3411e-06
1.3411e-06
1.3411e-06
1.3411e-06
1.3411e-06
1.3411e-06
1.3411e-06
1.3411e-06
1.3411e-06
1.3411e-06
1.3411e-06
1.3411e-06
7.45946
7.45946
0
0
0
0
0
0
3.62295
4.6275
4.6275
3.62295
0
0
0
0
0
0
0
0
0
0
0
0
0
0
0
0
0
0
0
0
0
0
0
0
0
0
0
0
0
0
0
0
0
0
0
0
0
0
0
0
0
0
0
0
0
0
0
4.61103
5.88955
7.85048
7.42381
5.20184
0.420682
1.3411e-06
1.3411e-06
1.3411e-06
1.3411e-06
1.3411e-06
1.3411e-06
1.3411e-06
1.3411e-06
1.3411e-06
1.3411e-06
1.3411e-06
1.3411e-06
1.3411e-06
1.3411e-06
1.3411e-06
1.3411e-06
1.3411e-06
1.3411e-06
1.3411e-06
1.3411e-06
1.3411e-06
1.3411e-06
1.3411e-06
1.3411e-06
1.3411e-06
1.3411e-06
1.3411e-06
1.3411e-06
1.3411e-06
1.3411e-06
1.3411e-06
1.3411e-06
1.3411e-06
1.3411e-06
1.3411e-06
6.31023
7.8037
4.94039
0
0
0
0
0
0
0
0
0
0
0
0
0
0
0
0
0
0
0
0
0
0
0
0
0
0
0
0
0
0
0
0
0
0
0
0
0
0
0
0
0
0
0
0
0
0
0
0
0.988078
1.26205
1.26205
0.988078
0
0
0
0
4.2398
7.52626
7.53419
5.18592
0.546763
0.420682
1.3411e-06
1.3411e-06
1.3411e-06
1.3411e-06
1.3411e-06
1.3411e-06
1.3411e-06
1.3411e-06
1.3411e-06
1.3411e-06
1.3411e-06
1.3411e-06
1.3411e-06
1.3411e-06
1.3411e-06
1.3411e-06
1.3411e-06
1.3411e-06
1.3411e-06
1.3411e-06
1.3411e-06
1.3411e-06
1.3411e-06
1.3411e-06
1.3411e-06
1.3411e-06
1.3411e-06
1.3411e-06
1.3411e-06
1.3411e-06
1.3411e-06
1.3411e-06
1.3411e-06
1.3411e-06
1.3411e-06
4.94039
7.8037
6.31023
0
0
0
0
0
0
0
0
0
0
0
0
0
0
0
0
0
0
0
0
0
0
0
0
0
0
0
0
0
0
0
0
0
0
0
0
0
0
0
0
0
0
0
0
0
0
0
0
1.26205
1.64029
1.64029
1.26205
0
0
0
0
4.61103
7.56051
6.35289
0.602935
0.420682
0.329359
1.3411e-06
1.3411e-06
1.3411e-06
1.3411e-06
1.3411e-06
1.3411e-06
1.3411e-06
1.3411e-06
1.3411e-06
1.3411e-06
1.3411e-06
1.3411e-06
1.3411e-06
1.3411e-06
1.3411e-06
1.3411e-06
1.3411e-06
1.3411e-06
1.3411e-06
1.3411e-06
1.3411e-06
1.3411e-06
1.3411e-06
1.3411e-06
1.3411e-06
1.3411e-06
1.3411e-06
1.3411e-06
1.3411e-06
1.3411e-06
1.3411e-06
1.3411e-06
1.3411e-06
1.3411e-06
1.3411e-06
1.3411e-06
7.45946
7.45946
0
0
0
0
0
0
0
0
0
0
0
0
0
0
0
0
0
0
0
0
0
0
0
0
0
0
0
0
0
0
0
0
0
0
0
0
0
0
0
0
0
0
0
0
0
0
0
0
1.49189
1.49189
1.26205
1.56074
0.988078
0
0
0
0
7.29634
7.3947
0.329359
1.3411e-06
1.3411e-06
1.3411e-06
1.3411e-06
1.3411e-06
1.3411e-06
1.3411e-06
1.3411e-06
1.3411e-06
1.3411e-06
1.3411e-06
1.3411e-06
1.3411e-06
1.3411e-06
1.3411e-06
1.3411e-06
1.3411e-06
1.3411e-06
1.3411e-06
1.3411e-06
1.3411e-06
1.3411e-06
1.3411e-06
1.3411e-06
1.3411e-06
1.3411e-06
1.3411e-06
1.3411e-06
1.3411e-06
1.3411e-06
1.3411e-06
1.3411e-06
1.3411e-06
1.3411e-06
1.3411e-06
1.3411e-06
1.3411e-06
1.3411e-06
7.45946
7.45946
0
0
0
0
0
0
0
0
0
0
0
0
0
0
0
0
0
0
0
0
0
0
0
0
0
0
0
0
0
0
0
0
0
0
0
0
0
0
0
0
0
0
0
0
0
0
0
0
1.49189
1.49189
0.988078
1.41234
1.41234
0.988078
0
0
0
6.1273
7.71969
4.91438
1.3411e-06
1.3411e-06
1.3411e-06
1.3411e-06
1.3411e-06
1.3411e-06
1.3411e-06
1.3411e-06
1.3411e-06
1.3411e-06
1.3411e-06
1.3411e-06
1.3411e-06
1.3411e-06
1.3411e-06
1.3411e-06
1.3411e-06
1.3411e-06
1.3411e-06
1.3411e-06
1.3411e-06
1.3411e-06
1.3411e-06
1.3411e-06
1.3411e-06
1.3411e-06
1.3411e-06
1.3411e-06
1.3411e-06
1.3411e-06
1.3411e-06
1.3411e-06
1.3411e-06
1.3411e-06
1.3411e-06
1.3411e-06
1.3411e-06
4.94039
7.8037
6.31023
0
0
0
0
0
0
0
0
0
0
0
0
0
0
0
0
0
0
0
0
0
0
0
0
0
0
0
0
0
0
0
0
0
0
0
0
0
0
0
0
0
0
0
0
0
0
0
0
1.26205
1.56074
0.988078
0.988078
1.56074
1.26205
0
0
0
4.61103
7.69701
6.29023
1.3411e-06
1.3411e-06
1.3411e-06
1.3411e-06
1.3411e-06
1.3411e-06
1.3411e-06
1.3411e-06
1.3411e-06
1.3411e-06
1.3411e-06
1.3411e-06
1.3411e-06
1.3411e-06
1.3411e-06
1.3411e-06
1.3411e-06
1.3411e-06
1.3411e-06
1.3411e-06
1.3411e-06
1.3411e-06
1.3411e-06
1.3411e-06
1.3411e-06
1.3411e-06
1.3411e-06
1.3411e-06
1.3411e-06
1.3411e-06
1.3411e-06
1.3411e-06
1.3411e-06
1.3411e-06
1.3411e-06
1.3411e-06
0.329359
6.39049
7.96697
4.94039
0
0
0
0
0
0
0
0
0
0
0
0
0
0
0
0
0
0
0
0
0
0
0
0
0
0
0
0
0
0
0
0
0
0
0
0
0
0
0
0
0
0
0
0
0
0
0
0
0.988078
1.41234
1.41234
0.988078
1.49189
1.49189
0
0
0
0
7.45946
7.45946
1.3411e-06
1.3411e-06
1.3411e-06
1.3411e-06
1.3411e-06
1.3411e-06
1.3411e-06
1.3411e-06
1.3411e-06
1.3411e-06
1.3411e-06
1.3411e-06
1.3411e-06
1.3411e-06
1.3411e-06
1.3411e-06
1.3411e-06
1.3411e-06
1.3411e-06
1.3411e-06
1.3411e-06
1.3411e-06
1.3411e-06
1.3411e-06
1.3411e-06
1.3411e-06
1.3411e-06
1.3411e-06
0.329359
0.302843
0.329359
1.3411e-06
1.3411e-06
1.3411e-06
1.3411e-06
1.3411e-06
0.420682
7.73616
7.79333
0
0
0
0
0
0
0
0
0
0
0
0
0
0
0
0
0
0
0
0
0
0
0
0
0
0
0
0
0
0
0
0
0
0
0
0
0
0
0
0
0
0
0
0
0
0
0
0
0
0
0.988078
1.41234
1.41234
1.64029
1.49189
0
0
0
4.94039
7.8037
6.31023
1.3411e-06
1.3411e-06
1.3411e-06
1.3411e-06
1.3411e-06
1.3411e-06
1.3411e-06
1.3411e-06
1.3411e-06
1.3411e-06
1.3411e-06
1.3411e-06
1.3411e-06
1.3411e-06
1.3411e-06
1.3411e-06
1.3411e-06
1.3411e-06
1.3411e-06
1.3411e-06
1.3411e-06
1.3411e-06
1.3411e-06
1.3411e-06
1.3411e-06
1.3411e-06
1.3411e-06
1.3411e-06
0.420682
0.523814
0.520247
0.497297
0.420682
0.329359
1.3411e-06
1.3411e-06
0.497297
6.61
8.21693
4.94039
0
0
0
0
0
0
0
0
0
0
0
0
0
0
0
0
0
0
0
0
0
0
0
0
0
0
0
0
0
0
0
0
0
0
0
0
0
0
0
0
0
0
0
0
0
0
0
0
0
0
0.988078
1.56074
1.56074
1.56074
0.988078
0
0
5.90019
7.58421
4.92217
0.497297
0.497297
0.497297
0.497297
0.735991
0.709475
0.735991
0.497297
0.497297
0.420682
0.447199
0.420682
0.497297
0.497297
0.497297
0.420682
0.329359
1.3411e-06
1.3411e-06
1.3411e-06
1.3411e-06
1.3411e-06
0.329359
0.420682
0.497297
0.497297
0.497297
0.497297
0.546763
0.497297
0.420682
0.497297
0.520247
0.520247
0.497297
0.497297
0.693033
5.1617
7.95817
6.10078
0
0
0
0
0
0
0
0
0
0
0
0
0
0
0
0
0
0
0
0
0
0
0
0
0
0
0
0
0
0
0
0
0
0
0
0
0
0
0
0
0
0
0
0
0
0
0
0
0
0
0
1.49189
1.64029
1.56074
1.26205
0
0
5.95322
7.25991
4.85104
1.82184
1.82184
1.82184
1.82184
1.80871
1.80871
1.80871
1.82184
1.82184
1.88587
1.88587
1.88587
1.82184
1.82184
1.82184
1.88587
1.94137
1.98919
1.98919
1.98919
1.98919
1.98919
1.94137
1.88587
1.82184
1.82184
1.82184
1.82184
1.72164
1.63675
1.49189
1.49189
1.63675
1.72164
1.82184
1.82184
2.04159
2.01507
7.17167
6.71481
0
0
0
0
0
0
0
0
0
0
0
0
0
0
0
0
0
0
0
0
0
0
0
0
0
0
0
0
0
0
0
0
0
0
0
0
0
0
0
0
0
0
0
0
0
0
0
0
0
0
0
1.49189
1.49189
1.26205
1.56074
0.988078
0
4.28167
6.47645
5.37331
1.49189
1.49189
1.49189
1.49189
1.35017
1.37668
1.35017
1.49189
1.49189
1.70089
1.67437
1.70089
1.49189
1.49189
1.49189
1.70089
1.84042
1.98919
1.98919
1.98919
1.98919
1.98919
1.84042
1.70089
1.49189
1.49189
1.49189
1.49189
1.49189
1.49189
1.49189
1.49189
1.49189
1.49189
1.49189
1.49189
1.70089
1.67437
6.29603
6.08684
0
0
0
0
0
0
0
0
0
0
0
0
0
0
0
0
0
0
0
0
0
0
0
0
0
0
0
0
0
0
0
0
0
0
0
0
0
0
0
0
0
0
0
0
0
0
0
0
0
0
0
1.26205
1.56074
1.3416
1.56074
1.26205
0
0
5.47027
5.47027
6.70552e-07
6.70552e-07
6.70552e-07
6.70552e-07
6.70552e-07
6.70552e-07
6.70552e-07
6.70552e-07
6.70552e-07
6.70552e-07
6.70552e-07
6.70552e-07
6.70552e-07
6.70552e-07
6.70552e-07
6.70552e-07
6.70552e-07
6.70552e-07
6.70552e-07
6.70552e-07
6.70552e-07
6.70552e-07
6.70552e-07
6.70552e-07
6.70552e-07
6.70552e-07
6.70552e-07
6.70552e-07
6.70552e-07
6.70552e-07
6.70552e-07
6.70552e-07
6.70552e-07
6.70552e-07
6.70552e-07
6.70552e-07
6.70552e-07
6.70552e-07
5.47027
5.47027
0
0
0
0
0
0
0
0
0
0
0
0
0
0
0
0
0
0
0
0
0
0
0
0
0
0
0
0
0
0
0
0
0
0
0
0
0
0
0
0
0
0
0
0
0
0
0
0
0
0
0
0.988078
1.41234
1.41234
1.49189
1.56074
0.988078
0
5.47027
5.47027
6.70552e-07
6.70552e-07
6.70552e-07
6.70552e-07
6.70552e-07
6.70552e-07
6.70552e-07
6.70552e-07
6.70552e-07
6.70552e-07
6.70552e-07
6.70552e-07
6.70552e-07
6.70552e-07
6.70552e-07
6.70552e-07
6.70552e-07
6.70552e-07
6.70552e-07
6.70552e-07
6.70552e-07
6.70552e-07
6.70552e-07
6.70552e-07
6.70552e-07
6.70552e-07
6.70552e-07
6.70552e-07
6.70552e-07
6.70552e-07
6.70552e-07
6.70552e-07
0.329359
0.420682
0.420682
0.329359
6.70552e-07
3.62295
5.72271
4.6275
0
0
0
0
0
0
0
0
0
0
0
0
0
0
0
0
0
0
0
0
0
0
0
0
0
0
0
0
0
0
0
0
0
0
0
0
0
0
0
0
0
0
0
0
0
0
0
0
0
0
0
0
0.988078
1.56074
1.63675
1.64209
1.76087
1.31744
5.47027
5.47027
6.70552e-07
6.70552e-07
6.70552e-07
6.70552e-07
6.70552e-07
6.70552e-07
6.70552e-07
6.70552e-07
6.70552e-07
6.70552e-07
6.70552e-07
6.70552e-07
6.70552e-07
6.70552e-07
6.70552e-07
6.70552e-07
6.70552e-07
6.70552e-07
6.70552e-07
6.70552e-07
6.70552e-07
6.70552e-07
6.70552e-07
6.70552e-07
6.70552e-07
6.70552e-07
6.70552e-07
6.70552e-07
6.70552e-07
6.70552e-07
6.70552e-07
6.70552e-07
0.302843
0.500232
0.500232
0.302843
6.70552e-07
4.6275
5.72271
3.62295
0
0
0
0
0
0
0
0
0
0
0
0
0
0
0
0
0
0
0
0
0
0
0
0
0
0
0
0
0
0
0
0
0
0
0
0
0
0
0
0
0
0
0
0
0
0
0
0
0
0
0
0
0
1.49189
1.61023
1.4432
2.13717
1.92964
5.47027
5.47027
6.70552e-07
6.70552e-07
6.70552e-07
6.70552e-07
6.70552e-07
6.70552e-07
6.70552e-07
6.70552e-07
6.70552e-07
6.70552e-07
6.70552e-07
6.70552e-07
6.70552e-07
6.70552e-07
6.70552e-07
6.70552e-07
6.70552e-07
6.70552e-07
6.70552e-07
6.70552e-07
6.70552e-07
6.70552e-07
6.70552e-07
6.70552e-07
6.70552e-07
6.70552e-07
6.70552e-07
6.70552e-07
6.70552e-07
6.70552e-07
6.70552e-07
6.70552e-07
0.329359
0.420682
0.420682
0.329359
6.70552e-07
5.47027
5.47027
0
0
0
0
0
0
0
0
0
0
0
0
0
0
0
0
0
0
0
0
0
0
0
0
0
0
0
0
0
0
0
0
0
0
0
0
0
0
0
0
0
0
0
0
0
0
0
0
0
0
0
0
0
0
1.26205
1.72164
1.53189
2.24471
2.33364
5.47027
5.47027
6.70552e-07
6.70552e-07
6.70552e-07
6.70552e-07
6.70552e-07
6.70552e-07
6.70552e-07
6.70552e-07
6.70552e-07
6.70552e-07
6.70552e-07
6.70552e-07
6.70552e-07
6.70552e-07
6.70552e-07
6.70552e-07
6.70552e-07
6.70552e-07
6.70552e-07
6.70552e-07
6.70552e-07
6.70552e-07
6.70552e-07
6.70552e-07
6.70552e-07
6.70552e-07
6.70552e-07
0.329359
0.420682
0.420682
0.329359
6.70552e-07
6.70552e-07
6.70552e-07
6.70552e-07
6.70552e-07
6.70552e-07
5.47027
5.47027
0
0
0
0
0
0
0
0
0
0
0
0
0
0
0
0
0
0
0
0
0
0
0
0
0
0
0
0
0
0
0
0
0
0
0
0
0
0
0
0
0
0
0
0
0
0
0
0
0
0
0
0
0
0
0.988078
1.41234
2.13494
2.73384
3.2666
5.39352
4.67484
6.70552e-07
6.70552e-07
6.70552e-07
6.70552e-07
6.70552e-07
6.70552e-07
6.70552e-07
6.70552e-07
6.70552e-07
6.70552e-07
6.70552e-07
6.70552e-07
6.70552e-07
6.70552e-07
6.70552e-07
6.70552e-07
6.70552e-07
6.70552e-07
6.70552e-07
6.70552e-07
6.70552e-07
6.70552e-07
6.70552e-07
6.70552e-07
6.70552e-07
6.70552e-07
6.70552e-07
0.420682
0.546763
0.520246
0.520247
0.420682
0.447199
0.420682
0.420682
0.329359
6.70552e-07
5.47027
5.47027
0
0
0
0
0
0
0
0
0
0
0
0
0
0
0
0
0
0
0
0
0
0
0
0
0
0
0
0
0
0
0
0
0
0
0
0
0
0
0
0
0
0
0
0
0
0
0
0
0
0
0
0
0
0
0
0.988078
2.44363
2.98913
3.17424
4.29198
3.69521
6.70552e-07
6.70552e-07
0.329359
0.302843
0.329359
6.70552e-07
6.70552e-07
6.70552e-07
6.70552e-07
6.70552e-07
6.70552e-07
6.70552e-07
6.70552e-07
6.70552e-07
6.70552e-07
6.70552e-07
6.70552e-07
6.70552e-07
6.70552e-07
6.70552e-07
6.70552e-07
6.70552e-07
6.70552e-07
6.70552e-07
6.70552e-07
6.70552e-07
6.70552e-07
0.497297
0.497297
0.329359
0.420682
0.520246
0.520246
0.520247
0.546763
0.420682
6.70552e-07
5.47027
5.47027
0
0
0
0
0
0
0
0
0
0
0
0
0
0
0
0
0
0
0
0
0
0
0
0
0
0
0
0
0
0
0
0
0
0
0
0
0
0
0
0
0
0
0
0
0
0
0
0
0
0
0
0
0
0
0
0
2.48649
3.04596
1.31744
1.86042
1.75938
0.867881
0.894397
0.854396
0.854396
0.735991
0.497297
0.497297
0.497297
0.735991
0.709474
0.735991
0.420682
0.329359
0.329359
0.302843
0.329359
6.70552e-07
0.329359
0.420682
0.497297
0.497297
0.497297
0.497297
0.420682
0.329359
6.70552e-07
0.329359
0.520246
0.420682
6.70552e-07
6.70552e-07
0.329359
0.302843
0.329359
0.420682
0.546763
0.497297
5.3686
5.30895
0
0
0
0
0
0
0
0
0
0
0
0
0
0
0
0
0
0
0
0
0
0
0
0
0
0
0
0
0
0
0
0
0
0
0
0
0
0
0
0
0
0
0
0
0
0
0
0
0
0
0
0
0
0
0
0
2.10341
3.12668
2.52363
1.70906
1.82184
1.78879
1.78879
1.67274
1.69926
1.70089
1.82184
1.82184
1.82184
1.80871
1.80871
1.80871
1.88587
1.94137
1.94137
1.94137
1.94137
1.98919
1.94137
1.88587
1.82184
1.82184
1.82184
1.82184
1.88587
1.94137
1.98919
1.94137
1.79532
1.63675
1.49189
1.49189
1.49189
1.49189
1.49189
1.63675
1.72164
1.82184
5.0085
4.75439
0
0
0
0
0
0
0
0
0
0
0
0
0
0
0
0
0
0
0
0
0
0
0
0
0
0
0
0
0
0
0
0
0
0
0
0
0
0
0
0
0
0
0
0
0
0
0
0
0
0
0
0
0
0
0
0
1.6468
3.02277
2.63686
1.01459
1.06691
1.21239
1.18587
1.21239
1.21239
1.35017
1.49189
1.49189
1.49189
1.35017
1.37668
1.35017
1.70089
1.84042
1.84042
1.86693
1.84042
1.98919
1.84042
1.70089
1.49189
1.49189
1.49189
1.49189
1.70089
1.84042
1.98919
1.84042
1.70089
1.49189
1.49189
1.49189
1.49189
1.49189
1.49189
1.49189
1.49189
1.49189
4.20043
4.12353
0
0
0
0
0
0
0
0
0
0
0
0
0
0
0
0
0
0
0
0
0
0
0
0
0
0
0
0
0
0
0
0
0
0
0
0
0
0
0
0
0
0
0
0
0
0
0
0
0
0
0
0
0
0
0
0
0
2.52409
3.12148
2.13116
0.546763
0.420682
0.329359
0.329359
0.302843
0.329359
0
0
0
0
0
0
0
0
0
0
0
0
0
0
0
0
0
0
0
0
0
0
0
0
0
0
0
0
0
0
0
2.30551
3.64173
2.94478
0
0
0
0
0
0
0
0
0
0
0
0
0
0
0
0
0
0
0
0
0
0
0
0
0
0
0
0
0
0
0
0
0
0
0
0
0
0
0
0
0
0
0
0
0
0
0
0
0
0
0
0
0
0
0
0
0
1.97616
2.82468
2.9562
2.13116
0.546763
0.420682
0.302843
0.408909
0.302843
0
0
0
0
0
0
0
0
0
0
0
0
0
0
0
0
0
0
0
0
0
0
0
0
0
0
0
0
0
0
2.30551
3.29546
3.29546
2.30552
0
0
0
0
0
0
0
0
0
0
0
0
0
0
0
0
0
0
0
0
0
0
0
0
0
0
0
0
0
0
0
0
0
0
0
0
0
0
0
0
0
0
0
0
0
0
0
0
0
0
0
0
0
0
0
0
0
0
1.97616
3.12148
2.64078
0.520247
0.420682
0.329359
0.302843
0.329359
0.329359
0.420682
0.420682
0.329359
0
0
0
0
0
0
0
0
0
0
0
0
0
0
0
0
0
0
0
0
0
0
0
0
0
0
2.94478
3.64173
2.30552
0
0
0
0
0
0
0
0
0
0
0
0
0
0
0
0
0
0
0
0
0
0
0
0
0
0
0
0
0
0
0
0
0
0
0
0
0
0
0
0
0
0
0
0
0
0
0
0
0
0
0
0
0
0
0
0
0
0
0
0
2.98378
3.19396
0.520247
0.447199
0.302843
0.329359
0.329359
0.394166
0.520247
0.55033
0.420682
0
0
0
0
0
0
0
0
0
0
0
0
0
0
0
0
0
0
0
0
0
0
0
0
0
0
3.48108
3.48108
0
0
0
0
0
0
0
0
0
0
0
0
0
0
0
0
0
0
0
0
0
0
0
0
0
0
0
0
0
0
0
0
0
0
0
0
0
0
0
0
0
0
0
0
0
0
0
0
0
0
0
0
0
0
0
0
0
0
0
0
0
2.52409
3.36569
2.26544
0.520247
0.520247
0.470781
0.420682
0.473715
0.49373
0.523814
0.420682
0
0
0
0
0
0
0
0
0
0
0
0
0
0
0
0
0
0
0
0
0
0
0
0
0
0
3.48108
3.48108
0
0
0
0
0
0
0
0
0
0
0
0
0
0
0
0
0
0
0
0
0
0
0
0
0
0
0
0
0
0
0
0
0
0
0
0
0
0
0
0
0
0
0
0
0
0
0
0
0
0
0
0
0
0
0
0
0
0
0
0
0
1.97616
3.29185
2.70469
0.420682
0.447199
0.520247
0.497297
0.302843
0.447199
0.302843
0.329359
0
0
0
0
0
0
0
0
0
0
0
0
0
0
0
0
0
0
0
0
0
0
0
0
0
2.30551
3.64173
2.94478
0
0
0
0
0
0
0
0
0
0
0
0
0
0
0
0
0
0
0
0
0
0
0
0
0
0
0
0
0
0
0
0
0
0
0
0
0
0
0
0
0
0
0
0
0
0
0
0
0
0
0
0
0
0
0
0
0
0
0
0
0
0
2.52409
3.12148
1.97616
3.35276e-07
0.497297
0.497297
0
0
0
0
0
0
0
0
0
0
0
0
0
0
0
0
0
0
0
0
0
0
0
0
0
0
0
0
0
2.94478
3.64173
2.30552
0
0
0
0
0
0
0
0
0
0
0
0
0
0
0
0
0
0
0
0
0
0
0
0
0
0
0
0
0
0
0
0
0
0
0
0
0
0
0
0
0
0
0
0
0
0
0
0
0
0
0
0
0
0
0
0
0
0
0
0
0
0
1.97616
2.99625
2.47356
0.497297
0.782874
0.959983
0.994594
1.21239
1.18587
1.21239
0.867881
0.894397
0.709474
0.735991
0.735991
0.709474
0.735991
0.420682
0.329359
0.329359
0.420682
0.497297
0.497297
0.420682
0.447199
0.302843
0.447199
0.420682
0.497297
0.497297
0.497297
0.497297
0.497297
0.497297
1.0263
3.34488
3.08121
0
0
0
0
0
0
0
0
0
0
0
0
0
0
0
0
0
0
0
0
0
0
0
0
0
0
0
0
0
0
0
0
0
0
0
0
0
0
0
0
0
0
0
0
0
0
0
0
0
0
0
0
0
0
0
0
0
0
0
0
0
0
0
0
2.34792
3.02217
2.8004
2.95048
3.04596
3.16076
3.14182
3.14182
3.14182
3.20938
2.83584
2.48595
1.80871
1.80871
1.80871
1.80871
1.88587
1.94137
1.94137
1.88587
1.82184
1.82184
2.57177
2.49223
3.10738
2.49223
3.04895
2.43059
2.98509
2.90554
3.29332
3.29332
3.29332
3.24253
3.31983
2.47968
0
0
0
0
0
0
0
0
0
0
0
0
0
0
0
0
0
0
0
0
0
0
0
0
0
0
0
0
0
0
0
0
0
0
0
0
0
0
0
0
0
0
0
0
0
0
0
0
0
0
0
0
0
0
0
0
0
0
0
0
0
0
0
0
1.6468
2.10341
2.48649
2.48649
2.48649
2.48649
2.33364
2.36016
2.38289
2.61726
2.31627
1.87284
1.35017
1.35017
1.37668
1.35017
1.70089
1.84042
1.84042
1.70089
1.49189
1.49189
2.16409
2.45577
2.60158
2.45577
2.45164
2.29435
2.26907
2.58727
2.80184
2.80184
2.87995
2.72746
2.19743
1.31744
0
0
0
0
0
0
0
0
0
0
0
0
0
0
0
0
0
0
0
0
0
0
0
0
0
0
0
0
0
0
0
0
0
0
0
0
0
0
0
0
0
0
0
0
0
0
0
0
0
0
0
0
0
0
0
0
0
0
0
0
0
0
0
0
0
0
0
0
0
0
0
0
1.26205
1.64029
1.26205
0.988078
1.67638e-07
1.67638e-07
1.67638e-07
1.67638e-07
1.67638e-07
1.67638e-07
1.67638e-07
1.67638e-07
1.67638e-07
1.67638e-07
0.988078
0.908528
1.3416
0.908528
1.3416
0.908528
1.3416
1.26205
1.49189
1.49189
1.64029
1.26205
0
0
0
0
0
0
0
0
0
0
0
0
0
0
0
0
0
0
0
0
0
0
0
0
0
0
0
0
0
0
0
0
0
0
0
0
0
0
0
0
0
0
0
0
0
0
0
0
0
0
0
0
0
0
0
0
0
0
0
0
0
0
0
0
0
0
0
0
0
0
0
0
0
0
1.49189
1.49189
1.67638e-07
1.67638e-07
1.67638e-07
1.67638e-07
1.67638e-07
1.67638e-07
1.67638e-07
1.67638e-07
1.67638e-07
1.67638e-07
1.67638e-07
1.67638e-07
1.67638e-07
1.67638e-07
1.67638e-07
1.67638e-07
1.67638e-07
1.67638e-07
1.67638e-07
1.67638e-07
1.67638e-07
1.67638e-07
1.49189
1.49189
0
0
0
0
0
0
0
0
0
0
0
0
0
0
0
0
0
0
0
0
0
0
0
0
0
0
0
0
0
0
0
0
0
0
0
0
0
0
0
0
0
0
0
0
0
0
0
0
0
0
0
0
0
0
0
0
0
0
0
0
0
0
0
0
0
0
0
0
0
0
0
0
0
0
1.49189
1.49189
1.67638e-07
1.67638e-07
1.67638e-07
1.67638e-07
1.67638e-07
1.67638e-07
1.67638e-07
1.67638e-07
1.67638e-07
1.67638e-07
1.67638e-07
1.67638e-07
1.67638e-07
1.67638e-07
1.67638e-07
1.67638e-07
1.67638e-07
1.67638e-07
1.67638e-07
1.67638e-07
1.67638e-07
0.988078
1.56074
1.26205
0
0
0
0
0
0
0
0
0
0
0
0
0
0
0
0
0
0
0
0
0
0
0
0
0
0
0
0
0
0
0
0
0
0
0
0
0
0
0
0
0
0
0
0
0
0
0
0
0
0
0
0
0
0
0
0
0
0
0
0
0
0
0
0
0
0
0
0
0
0
0
0
0
0
1.49189
1.49189
1.67638e-07
1.67638e-07
1.67638e-07
1.67638e-07
1.67638e-07
1.67638e-07
1.67638e-07
1.67638e-07
1.67638e-07
1.67638e-07
1.67638e-07
1.67638e-07
1.67638e-07
1.67638e-07
1.67638e-07
1.67638e-07
0.988078
1.26205
1.49189
1.26205
0.988078
1.26205
1.56074
0.988078
0
0
0
0
0
0
0
0
0
0
0
0
0
0
0
0
0
0
0
0
0
0
0
0
0
0
0
0
0
0
0
0
0
0
0
0
0
0
0
0
0
0
0
0
0
0
0
0
0
0
0
0
0
0
0
0
0
0
0
0
0
0
0
0
0
0
0
0
0
0
0
0
0
0.988078
1.56074
1.26205
1.67638e-07
1.67638e-07
1.67638e-07
1.67638e-07
1.67638e-07
1.67638e-07
1.67638e-07
1.67638e-07
1.67638e-07
1.67638e-07
1.67638e-07
1.67638e-07
1.67638e-07
1.67638e-07
1.67638e-07
1.67638e-07
1.26205
1.64029
1.49189
1.56074
1.41234
1.64029
1.49189
0
0
0
0
0
0
0
0
0
0
0
0
0
0
0
0
0
0
0
0
0
0
0
0
0
0
0
0
0
0
0
0
0
0
0
0
0
0
0
0
0
0
0
0
0
0
0
0
0
0
0
0
0
0
0
0
0
0
0
0
0
0
0
0
0
0
0
0
0
0
0
0
0
0
1.26205
1.56074
0.988078
1.67638e-07
1.67638e-07
1.67638e-07
1.67638e-07
1.67638e-07
1.67638e-07
1.67638e-07
1.67638e-07
1.67638e-07
1.67638e-07
1.67638e-07
1.67638e-07
1.67638e-07
1.67638e-07
1.67638e-07
1.67638e-07
1.49189
1.49189
0
0.988078
1.41234
1.57144
1.26205
0
0
0
0
0
0
0
0
0
0
0
0
0
0
0
0
0
0
0
0
0
0
0
0
0
0
0
0
0
0
0
0
0
0
0
0
0
0
0
0
0
0
0
0
0
0
0
0
0
0
0
0
0
0
0
0
0
0
0
0
0
0
0
0
0
0
0
0
0
0
0
0
0
0
1.26205
1.64029
1.26205
0.988078
1.67638e-07
1.67638e-07
1.67638e-07
1.67638e-07
1.67638e-07
1.67638e-07
1.67638e-07
1.67638e-07
1.67638e-07
1.67638e-07
1.67638e-07
1.67638e-07
1.67638e-07
1.67638e-07
1.67638e-07
1.26205
1.64029
1.26205
0.988078
0.988078
0.908528
0.988078
0
0
0
0
0
0
0
0
0
0
0
0
0
0
0
0
0
0
0
0
0
0
0
0
0
0
0
0
0
0
0
0
0
0
0
0
0
0
0
0
0
0
0
0
0
0
0
0
0
0
0
0
0
0
0
0
0
0
0
0
0
0
0
0
0
0
0
0
0
0
0
0
0
0
0.988078
1.49189
1.57144
0.908528
1.67638e-07
1.67638e-07
1.67638e-07
1.67638e-07
1.67638e-07
1.67638e-07
1.67638e-07
1.67638e-07
1.67638e-07
1.67638e-07
1.67638e-07
1.67638e-07
1.67638e-07
1.67638e-07
1.67638e-07
0.988078
1.26205
1.56074
1.41234
0.988078
0
0
0
0
0
0
0
0
0
0
0
0
0
0
0
0
0
0
0
0
0
0
0
0
0
0
0
0
0
0
0
0
0
0
0
0
0
0
0
0
0
0
0
0
0
0
0
0
0
0
0
0
0
0
0
0
0
0
0
0
0
0
0
0
0
0
0
0
0
0
0
0
0
0
0
0
0
1.26205
1.56074
0.988078
1.67638e-07
1.67638e-07
1.67638e-07
1.67638e-07
1.67638e-07
1.67638e-07
1.67638e-07
1.67638e-07
1.67638e-07
1.67638e-07
1.67638e-07
1.67638e-07
1.67638e-07
1.67638e-07
1.67638e-07
1.67638e-07
1.67638e-07
0.988078
1.56074
1.26205
0
0
0
0
0
0
0
0
0
0
0
0
0
0
0
0
0
0
0
0
0
0
0
0
0
0
0
0
0
0
0
0
0
0
0
0
0
0
0
0
0
0
0
0
0
0
0
0
0
0
0
0
0
0
0
0
0
0
0
0
0
0
0
0
0
0
0
0
0
0
0
0
0
0
0
0
0
1.26205
1.56074
1.3416
0.908528
0.988078
1.67638e-07
1.67638e-07
1.67638e-07
1.67638e-07
1.67638e-07
1.67638e-07
1.67638e-07
1.67638e-07
1.67638e-07
1.67638e-07
1.67638e-07
1.67638e-07
1.67638e-07
1.67638e-07
1.67638e-07
0.988078
1.56074
1.26205
0
0
0
0
0
0
0
0
0
0
0
0
0
0
0
0
0
0
0
0
0
0
0
0
0
0
0
0
0
0
0
0
0
0
0
0
0
0
0
0
0
0
0
0
0
0
0
0
0
0
0
0
0
0
0
0
0
0
0
0
0
0
0
0
0
0
0
0
0
0
0
0
0
0
0
0
0
0.988078
1.41234
1.56074
1.56074
1.56074
1.49189
1.49189
1.49189
1.49189
1.49189
1.49189
1.49189
1.49189
1.49189
1.49189
1.49189
1.49189
1.49189
1.49189
1.49189
1.56074
1.41234
0.988078
0
0
0
0
0
0
0
0
0
0
0
0
0
0
0
0
0
0
0
0
0
0
0
0
0
0
0
0
0
0
0
0
0
0
0
0
0
0
0
0
0
0
0
0
0
0
0
0
0
0
0
0
0
0
0
0
0
0
0
0
0
0
0
0
0
0
0
0
0
0
0
0
0
0
0
0
0
0
0.988078
0.908528
1.3416
1.26205
1.49189
1.49189
1.49189
1.49189
1.49189
1.49189
1.49189
1.49189
1.49189
1.49189
1.49189
1.49189
1.49189
1.49189
1.49189
1.26205
0.988078
0
0
0
0
0
0
0
0
0
0
0
0
0
0
0
0
0
0
0
0
0
0
0
0
0
0
0
0
0
0
0
0
0
0
0
0
0
0
0
0
0
0
0
0
0
0
0
0
0
0
0
0
0
0
0
0
0
0
0
0
0
0
0
0
0
0
0
0
0
0
0
0
0
0
0
0
0
0
0
0
0
0
0
0
0
0
0
0
0
0
0
0
0
0
0
0
0
0
0
0
0
0
0
0
0
0
0
0
0
0
0
0
0
0
0
0
0
0
0
0
0
0
0
0
0
0
0
0
0
0
0
0
0
0
0
0
0
0
0
0
0
0
0
0
0
0
0
0
0
0
0
0
0
0
0
0
0
0
0
0
0
0
0
0
0
0
0
0
0
0
0
0
0
0
0
0
0
0
0
0
0
0
0
0
0
0
0
0
0
0
0
0
0
0
0
0
0
0
0
0
0
0
0
0
0
0
0
0
0
0
0
0
0
0
0
0
0
0
0
0
0
0
0
0
0
0
0
0
0
0
0
0
0
0
0
0
0
0
0
0
0
0
0
0
0
0
0
0
0
0
0
0
0
0
0
0
0
0
0
0
0
0
0
0
0
0
0
0
0
0
0
0
0
0
0
0
0
0
0
0
0
0
0
0
0
0
0
0
0
0
0
0
0
0
0
0
0
0
0
0
0
0
0
0
0
0
0
0
0
0
0
0
0
0
0
0
0
0
0
0
0
0
0
0
0
0
0
0
0
0
0
0
0
0
0
0
0
0
0
0
0
0
0
0
0
0
0
0
0
0
0
0
0
0
0
0
0
0
0
0
0
0
0
0
0
0
0
0
0
0
0
0
0
0
0
0
0
0
0
0
0
0
0
0
0
0
0
0
0
0
0
0
0
0
0
0
0
0
0
0
0
0
0
0
0
0
0
0
0
0
0
0
0
0
0
0
0
0
0
0
0
0
0
0
0
0
0
0
0
0
0
0
0
0
0
0
0
0
0
0
0
0
0
0
0
0
0
0
0
0
0
0
0
0
0
0
0
0
0
0
0
0
0
0
0
0
0
0
0
0
0
0
0
0
0
0
0
0
0
0
0
0
0
0
0
0
0
0
0
0
0
0
0
0
0
0
0
0
0
0
0
0
0
0
0
0
0
0
0
0
0
0
0
0
0
0
0
0
0
0
0
0
0
0
0
0
0
0
0
0
0
0
0
0
0
0
0
0
0
0
0
0
0
0
0
0
0
0
0
0
0
0
0
0
0
0
0
0
0
0
0
0
0
0
0
0
0
0
0
0
0
0
0
0
0
0
0
0
0
0
0
0
0
0
0
0
0
0
0
0
0
0
0
0
0
0
0
0
0
0
0
0
0
0
0
0
0
0
0
0
0
0
0
0
0
0
0
0
0
0
0
0
0
0
0
0
0
0
0
0
0
0
0
0
0
0
0
0
0
0
0
0
0
0
0
0
0
0
0
0
0
0
0
0
0
0
0
0
0
0
0
0
0
0
0
0
0
0
0
0
0
0
0
0
0
0
0
0
0
0
0
0
0
0
0
0
0
0
0
0
0
0
0
0
0
0
0
0
0
0
0
0
0
0
0
0
0
0
0
0
0
0
0
0
0
0
0
0
0
0
0
0
0
0
0
0
0
0
0
0
0
0
0
0
0
0
0
0
0
0
0
0
0
0
0
0
0
0
0
0
0
0
0
0
0
0
0
0
0
0
0
0
0
0
0
0
0
0
0
0
0
0
0
0
0
0
0
0
0
0
0
0
0
0
0
0
0
0
0
0
0
0
0
0
0
0
0
0
0
0
0
0
0
0
0
0
0
0
0
0
0
0
0
0
0
0
0
0
0
0
0
0
0
0
0
0
0
0
0
0
0
0
0
0
0
0
0
0
0
0
0
0
0
0
0
0
0
0
0
0
0
0
0
0
0
0
0
0
0
0
0
0
0
0
0
0
0
0
0
0
0
0
0
0
0
0
0
0
0
0
0
0
0
0
0
0
0
0
0
0
0
0
0
0
0
0
0
0
0
0
0
0
0
0
0
0
0
0
0
0
0
0
0
0
0
0
0
0
0
0
0
0
0
0
0
0
0
0
0
0
0
0
0
0
0
0
0
0
0
0
0
0
0
0
0
0
0
0
0
0
0
0
0
0
0
0
0
0
0
0
0
0
0
0
0
0
0
0
0
0
0
0
0
0
0
0
0
0
0
0
0
0
0
0
0
0
0
0
0
0
0
0
0
0
0
0
0
0
0
0
0
0
0
0
0
0
0
0
0
0
0
0
0
0
0
0
0
0
0
0
0
0
0
0
0
0
0
0
0
0
0
0
0
0
0
0
0
0
0
0
0
0
0
0
0
0
0
0
0
0
0
0
0
0
0
0
0
0
0
0
0
0
0
0
0
0
0
0
0
0
0
0
0
0
0
0
0
0
0
0
0
0
0
0
0
0
0
0
0
0
0
0
0
0
0
0
0
0
0
0
0
0
0
0
0
0
0
0
0
0
0
0
0
0
0
0
0
0
0
0
0
0
0
0
0
0
0
0
0
0
0
0
0
0
0
0
0
0
0
0
0
0
0
0
0
0
0
0
0
0
0
0
0
0
0
0
0
0
0
0
0
0
0
0
0
0
0
0
0
0
0
0
0
0
0
0
0
0
0
0
0
0
0
0
0
0
0
0
0
0
0
0
0
0
0
0
0
0
0
0
0
0
0
0
0
0
0
0
0
0
0
0
0
0
0
0
0
0
0
0
0
0
0
0
0
0
0
0
0
0
0
0
0
0
0
0
0
0
